0 10000 -1 0.0011556
1 10000 -1 0.001408
2 10000 -1 0.0012559
3 10000 -1 0.0011181
4 10000 -1 0.0012832
5 10000 -1 0.0013606
6 10000 -1 0.0012676
7 10000 -1 0.0011115
8 10000 -1 0.0013233
9 10000 -1 0.001555
10 10000 -1 0.0013078
11 10000 -1 0.0016074
12 10000 -1 0.001493
13 10000 -1 0.001636
14 10000 -1 0.0012793
15 10000 -1 0.0011549
16 10000 -1 0.0014763
17 10000 -1 0.0014182
18 10000 -1 0.0011491
19 10000 -1 0.0011811
20 10000 -1 0.0010364
21 10000 -1 0.0011206
22 10000 -1 0.0011215
23 10000 -1 0.001117
24 10000 -1 0.0011499
25 10000 -1 0.0012278
26 10000 -1 0.0011976
27 10000 -1 0.0017668
28 10000 -1 0.0011575
29 10000 -1 0.001028
30 10000 -1 0.0010714
31 10000 -1 0.0013565
32 10000 -1 0.0012216
33 10000 -1 0.0012793
34 10000 -1 0.0010783
35 10000 -1 0.0014223
36 10000 -1 0.0012428
37 10000 -1 0.0011699
38 10000 -1 0.0013649
39 10000 -1 0.00104
40 10000 -1 0.0010739
41 10000 -1 0.001132
42 10000 -1 0.0014179
43 10000 -1 0.0010336
44 10000 -1 0.0010695
45 10000 -1 0.0010958
46 10000 -1 0.0013515
47 10000 -1 0.0011735
48 10000 -1 0.0012195
49 10000 -1 0.0010868
50 10000 -1 0.0011484
51 10000 -1 0.0014521
52 10000 -1 0.0011064
53 10000 -1 0.0012556
54 10000 -1 0.0013351
55 10000 -1 0.0012552
56 10000 -1 0.0011242
57 10000 -1 0.0012916
58 10000 -1 0.0014069
59 10000 -1 0.0010324
60 10000 -1 0.0011276
61 10000 -1 0.0011116
62 10000 -1 0.0010798
63 10000 -1 0.0011214
64 10000 -1 0.0010294
65 10000 -1 0.0011656
66 10000 -1 0.0010586
67 10000 -1 0.0011571
68 10000 -1 0.0011111
69 10000 -1 0.0011287
70 10000 -1 0.001027
71 10000 -1 0.0010411
72 10000 -1 0.001035
73 10000 -1 0.0016398
74 10000 -1 0.0012901
75 10000 -1 0.0012413
76 10000 -1 0.0012994
77 10000 -1 0.001133
78 10000 -1 0.0014806
79 10000 -1 0.0011513
80 10000 -1 0.001036
81 10000 -1 0.001036
82 10000 -1 0.001159
83 10000 -1 0.0010568
84 10000 -1 0.0010536
85 10000 -1 0.0019824
86 10000 -1 0.0012362
87 10000 -1 0.0010678
88 10000 -1 0.0010576
89 10000 -1 0.0016804
90 10000 -1 0.0011082
91 10000 -1 0.0011068
92 10000 -1 0.0011652
93 10000 -1 0.0011246
94 10000 -1 0.0010258
95 10000 -1 0.0010298
96 10000 -1 0.0011568
97 10000 -1 0.0013022
98 10000 -1 0.0011192
99 10000 -1 0.0017282
0 10000 1 0.0015649
1 10000 1 0.0016155
2 10000 1 0.0018777
3 10000 1 0.0016815
4 10000 1 0.0016903
5 10000 1 0.0016936
6 10000 1 0.0022446
7 10000 1 0.0021476
8 10000 1 0.0017676
9 10000 1 0.0018966
10 10000 1 0.0022814
11 10000 1 0.0017034
12 10000 1 0.001719
13 10000 1 0.0022562
14 10000 1 0.0019237
15 10000 1 0.0017362
16 10000 1 0.0016709
17 10000 1 0.002095
18 10000 1 0.0020177
19 10000 1 0.0020858
20 10000 1 0.0017428
21 10000 1 0.0020765
22 10000 1 0.0018306
23 10000 1 0.0015725
24 10000 1 0.0015804
25 10000 1 0.0018255
26 10000 1 0.0025756
27 10000 1 0.0018296
28 10000 1 0.0020579
29 10000 1 0.0022066
30 10000 1 0.0018224
31 10000 1 0.0015824
32 10000 1 0.0015178
33 10000 1 0.0019036
34 10000 1 0.0018183
35 10000 1 0.001645
36 10000 1 0.0019408
37 10000 1 0.0017266
38 10000 1 0.0016787
39 10000 1 0.0016949
40 10000 1 0.0017378
41 10000 1 0.0015844
42 10000 1 0.0015359
43 10000 1 0.0020167
44 10000 1 0.0018405
45 10000 1 0.0018643
46 10000 1 0.0017887
47 10000 1 0.0015254
48 10000 1 0.001509
49 10000 1 0.001559
50 10000 1 0.0023135
51 10000 1 0.001788
52 10000 1 0.001776
53 10000 1 0.0018219
54 10000 1 0.0019219
55 10000 1 0.001609
56 10000 1 0.0018754
57 10000 1 0.0024834
58 10000 1 0.0016515
59 10000 1 0.0015579
60 10000 1 0.0016093
61 10000 1 0.0015762
62 10000 1 0.0025702
63 10000 1 0.0017704
64 10000 1 0.0015641
65 10000 1 0.001653
66 10000 1 0.001629
67 10000 1 0.0016519
68 10000 1 0.0018153
69 10000 1 0.0021494
70 10000 1 0.0019881
71 10000 1 0.0016793
72 10000 1 0.0016305
73 10000 1 0.0016782
74 10000 1 0.0017954
75 10000 1 0.0018624
76 10000 1 0.0017235
77 10000 1 0.0016261
78 10000 1 0.0017209
79 10000 1 0.001656
80 10000 1 0.0015524
81 10000 1 0.001672
82 10000 1 0.0015946
83 10000 1 0.0015425
84 10000 1 0.0014916
85 10000 1 0.0015065
86 10000 1 0.0015217
87 10000 1 0.0020709
88 10000 1 0.0019758
89 10000 1 0.0018507
90 10000 1 0.0018696
91 10000 1 0.0016841
92 10000 1 0.0016268
93 10000 1 0.0017567
94 10000 1 0.0016742
95 10000 1 0.0016264
96 10000 1 0.0017325
97 10000 1 0.0017256
98 10000 1 0.0016563
99 10000 1 0.0016049
0 10000 0.25 0.0014565
1 10000 0.25 0.0015845
2 10000 0.25 0.001764
3 10000 0.25 0.0018956
4 10000 0.25 0.0018551
5 10000 0.25 0.00185
6 10000 0.25 0.001614
7 10000 0.25 0.0019091
8 10000 0.25 0.0018605
9 10000 0.25 0.001885
10 10000 0.25 0.0017155
11 10000 0.25 0.0016213
12 10000 0.25 0.0018462
13 10000 0.25 0.0016468
14 10000 0.25 0.0016556
15 10000 0.25 0.0019375
16 10000 0.25 0.0022045
17 10000 0.25 0.002001
18 10000 0.25 0.0020476
19 10000 0.25 0.0018518
20 10000 0.25 0.0017249
21 10000 0.25 0.001588
22 10000 0.25 0.0016742
23 10000 0.25 0.0015157
24 10000 0.25 0.0016673
25 10000 0.25 0.0019681
26 10000 0.25 0.0021636
27 10000 0.25 0.0015965
28 10000 0.25 0.0016581
29 10000 0.25 0.0016283
30 10000 0.25 0.0017428
31 10000 0.25 0.0019058
32 10000 0.25 0.0017887
33 10000 0.25 0.0015762
34 10000 0.25 0.0015765
35 10000 0.25 0.0017869
36 10000 0.25 0.0016268
37 10000 0.25 0.0021351
38 10000 0.25 0.0021458
39 10000 0.25 0.0018011
40 10000 0.25 0.0015487
41 10000 0.25 0.0016589
42 10000 0.25 0.001556
43 10000 0.25 0.0016603
44 10000 0.25 0.0017114
45 10000 0.25 0.0015812
46 10000 0.25 0.0015879
47 10000 0.25 0.0016122
48 10000 0.25 0.0016286
49 10000 0.25 0.0015148
50 10000 0.25 0.0017989
51 10000 0.25 0.001892
52 10000 0.25 0.0017479
53 10000 0.25 0.0018558
54 10000 0.25 0.0020032
55 10000 0.25 0.001699
56 10000 0.25 0.001614
57 10000 0.25 0.0014758
58 10000 0.25 0.0014761
59 10000 0.25 0.001531
60 10000 0.25 0.0015626
61 10000 0.25 0.0015797
62 10000 0.25 0.0017088
63 10000 0.25 0.0018007
64 10000 0.25 0.0018568
65 10000 0.25 0.0023094
66 10000 0.25 0.0019087
67 10000 0.25 0.0016323
68 10000 0.25 0.0015542
69 10000 0.25 0.0019835
70 10000 0.25 0.0018143
71 10000 0.25 0.0017421
72 10000 0.25 0.0015782
73 10000 0.25 0.0016206
74 10000 0.25 0.0016261
75 10000 0.25 0.0018171
76 10000 0.25 0.0015703
77 10000 0.25 0.0015149
78 10000 0.25 0.001525
79 10000 0.25 0.0015535
80 10000 0.25 0.0015207
81 10000 0.25 0.002381
82 10000 0.25 0.0017361
83 10000 0.25 0.001682
84 10000 0.25 0.0016469
85 10000 0.25 0.0016312
86 10000 0.25 0.0018784
87 10000 0.25 0.0018634
88 10000 0.25 0.0018045
89 10000 0.25 0.0019779
90 10000 0.25 0.0019535
91 10000 0.25 0.0019492
92 10000 0.25 0.0017394
93 10000 0.25 0.0021621
94 10000 0.25 0.0018916
95 10000 0.25 0.0016042
96 10000 0.25 0.0020298
97 10000 0.25 0.0019104
98 10000 0.25 0.0017238
99 10000 0.25 0.0021439
0 10000 0.5 0.0046951
1 10000 0.5 0.0022376
2 10000 0.5 0.0031409
3 10000 0.5 0.0019806
4 10000 0.5 0.003122
5 10000 0.5 0.0042295
6 10000 0.5 0.0039625
7 10000 0.5 0.0019823
8 10000 0.5 0.0023649
9 10000 0.5 0.0033986
10 10000 0.5 0.0017191
11 10000 0.5 0.0060255
12 10000 0.5 0.0017461
13 10000 0.5 0.0025195
14 10000 0.5 0.0033382
15 10000 0.5 0.002827
16 10000 0.5 0.0019549
17 10000 0.5 0.0030155
18 10000 0.5 0.0033251
19 10000 0.5 0.0041329
20 10000 0.5 0.0021125
21 10000 0.5 0.0033936
22 10000 0.5 0.0033065
23 10000 0.5 0.0019411
24 10000 0.5 0.0029743
25 10000 0.5 0.0040734
26 10000 0.5 0.0035756
27 10000 0.5 0.0050898
28 10000 0.5 0.0028316
29 10000 0.5 0.0020819
30 10000 0.5 0.0020448
31 10000 0.5 0.0048002
32 10000 0.5 0.0033461
33 10000 0.5 0.0057691
34 10000 0.5 0.0024323
35 10000 0.5 0.0043045
36 10000 0.5 0.0049366
37 10000 0.5 0.0016665
38 10000 0.5 0.0024787
39 10000 0.5 0.0049869
40 10000 0.5 0.0062925
41 10000 0.5 0.0030286
42 10000 0.5 0.004771
43 10000 0.5 0.0021297
44 10000 0.5 0.0018687
45 10000 0.5 0.00235
46 10000 0.5 0.0044081
47 10000 0.5 0.0025608
48 10000 0.5 0.0016859
49 10000 0.5 0.0019703
50 10000 0.5 0.0018865
51 10000 0.5 0.0035822
52 10000 0.5 0.0023673
53 10000 0.5 0.0017968
54 10000 0.5 0.0017537
55 10000 0.5 0.0054296
56 10000 0.5 0.0039065
57 10000 0.5 0.001609
58 10000 0.5 0.0036759
59 10000 0.5 0.0041828
60 10000 0.5 0.0057199
61 10000 0.5 0.0023102
62 10000 0.5 0.0020381
63 10000 0.5 0.0028879
64 10000 0.5 0.0016636
65 10000 0.5 0.0021146
66 10000 0.5 0.0024492
67 10000 0.5 0.0016225
68 10000 0.5 0.0015747
69 10000 0.5 0.0022206
70 10000 0.5 0.0024097
71 10000 0.5 0.0017923
72 10000 0.5 0.0043816
73 10000 0.5 0.0042772
74 10000 0.5 0.0015936
75 10000 0.5 0.0052852
76 10000 0.5 0.0017453
77 10000 0.5 0.0030756
78 10000 0.5 0.0020185
79 10000 0.5 0.0022857
80 10000 0.5 0.0022449
81 10000 0.5 0.0017045
82 10000 0.5 0.0016302
83 10000 0.5 0.002184
84 10000 0.5 0.003546
85 10000 0.5 0.00275
86 10000 0.5 0.0014944
87 10000 0.5 0.0016384
88 10000 0.5 0.0022369
89 10000 0.5 0.0015593
90 10000 0.5 0.002215
91 10000 0.5 0.0023931
92 10000 0.5 0.0055843
93 10000 0.5 0.0032346
94 10000 0.5 0.0017854
95 10000 0.5 0.006159
96 10000 0.5 0.0015728
97 10000 0.5 0.0020535
98 10000 0.5 0.0023044
99 10000 0.5 0.001927
0 10000 0.75 0.0014875
1 10000 0.75 0.0016265
2 10000 0.75 0.0014251
3 10000 0.75 0.0015065
4 10000 0.75 0.0015779
5 10000 0.75 0.001405
6 10000 0.75 0.0016906
7 10000 0.75 0.0013723
8 10000 0.75 0.0013752
9 10000 0.75 0.0014007
10 10000 0.75 0.0016381
11 10000 0.75 0.0018167
12 10000 0.75 0.0017432
13 10000 0.75 0.0018197
14 10000 0.75 0.0013664
15 10000 0.75 0.0014438
16 10000 0.75 0.0016282
17 10000 0.75 0.0016772
18 10000 0.75 0.0014539
19 10000 0.75 0.0016455
20 10000 0.75 0.0015309
21 10000 0.75 0.0015495
22 10000 0.75 0.0015677
23 10000 0.75 0.0016275
24 10000 0.75 0.0016509
25 10000 0.75 0.0014663
26 10000 0.75 0.0017522
27 10000 0.75 0.0016702
28 10000 0.75 0.0014478
29 10000 0.75 0.0013285
30 10000 0.75 0.0013563
31 10000 0.75 0.0013446
32 10000 0.75 0.0013402
33 10000 0.75 0.00138
34 10000 0.75 0.00137
35 10000 0.75 0.0017464
36 10000 0.75 0.0016352
37 10000 0.75 0.0017971
38 10000 0.75 0.0014922
39 10000 0.75 0.0016527
40 10000 0.75 0.0016061
41 10000 0.75 0.0018488
42 10000 0.75 0.0017587
43 10000 0.75 0.0014893
44 10000 0.75 0.0015381
45 10000 0.75 0.0015509
46 10000 0.75 0.0015002
47 10000 0.75 0.0017027
48 10000 0.75 0.0013748
49 10000 0.75 0.0014043
50 10000 0.75 0.0015353
51 10000 0.75 0.0013635
52 10000 0.75 0.0015189
53 10000 0.75 0.0013573
54 10000 0.75 0.0015123
55 10000 0.75 0.0013365
56 10000 0.75 0.0014857
57 10000 0.75 0.0015729
58 10000 0.75 0.0017972
59 10000 0.75 0.0017774
60 10000 0.75 0.0019357
61 10000 0.75 0.0014128
62 10000 0.75 0.0015878
63 10000 0.75 0.0017989
64 10000 0.75 0.0018656
65 10000 0.75 0.0017223
66 10000 0.75 0.0022362
67 10000 0.75 0.0018785
68 10000 0.75 0.0015086
69 10000 0.75 0.0017717
70 10000 0.75 0.0019995
71 10000 0.75 0.0016578
72 10000 0.75 0.0016538
73 10000 0.75 0.0016724
74 10000 0.75 0.001664
75 10000 0.75 0.00182
76 10000 0.75 0.0014575
77 10000 0.75 0.001874
78 10000 0.75 0.0018329
79 10000 0.75 0.0014004
80 10000 0.75 0.0016203
81 10000 0.75 0.0017548
82 10000 0.75 0.0015922
83 10000 0.75 0.0016954
84 10000 0.75 0.0013898
85 10000 0.75 0.0013139
86 10000 0.75 0.0014434
87 10000 0.75 0.0013183
88 10000 0.75 0.00151
89 10000 0.75 0.0014343
90 10000 0.75 0.0019214
91 10000 0.75 0.0014642
92 10000 0.75 0.0014032
93 10000 0.75 0.0016479
94 10000 0.75 0.0016271
95 10000 0.75 0.0014949
96 10000 0.75 0.0014066
97 10000 0.75 0.0013377
98 10000 0.75 0.0014346
99 10000 0.75 0.0017903
0 10000 0.95 0.0012278
1 10000 0.95 0.001463
2 10000 0.95 0.0018157
3 10000 0.95 0.001389
4 10000 0.95 0.0016017
5 10000 0.95 0.0014423
6 10000 0.95 0.0013836
7 10000 0.95 0.0014484
8 10000 0.95 0.0014006
9 10000 0.95 0.0014036
10 10000 0.95 0.0013084
11 10000 0.95 0.0012126
12 10000 0.95 0.0012399
13 10000 0.95 0.0012446
14 10000 0.95 0.0012555
15 10000 0.95 0.001424
16 10000 0.95 0.0012582
17 10000 0.95 0.0019033
18 10000 0.95 0.0013084
19 10000 0.95 0.0012664
20 10000 0.95 0.0012235
21 10000 0.95 0.0015319
22 10000 0.95 0.0012436
23 10000 0.95 0.00125
24 10000 0.95 0.0014992
25 10000 0.95 0.0012238
26 10000 0.95 0.0015768
27 10000 0.95 0.0013449
28 10000 0.95 0.0013526
29 10000 0.95 0.001353
30 10000 0.95 0.0016983
31 10000 0.95 0.0015152
32 10000 0.95 0.0012796
33 10000 0.95 0.0012525
34 10000 0.95 0.0013208
35 10000 0.95 0.0012433
36 10000 0.95 0.0013387
37 10000 0.95 0.0022905
38 10000 0.95 0.0014912
39 10000 0.95 0.0013547
40 10000 0.95 0.0019845
41 10000 0.95 0.0015801
42 10000 0.95 0.0014192
43 10000 0.95 0.0013945
44 10000 0.95 0.0013894
45 10000 0.95 0.001471
46 10000 0.95 0.0013956
47 10000 0.95 0.0014507
48 10000 0.95 0.0013982
49 10000 0.95 0.001411
50 10000 0.95 0.0014378
51 10000 0.95 0.0012399
52 10000 0.95 0.0014134
53 10000 0.95 0.0012212
54 10000 0.95 0.0012352
55 10000 0.95 0.0012803
56 10000 0.95 0.0012857
57 10000 0.95 0.0014761
58 10000 0.95 0.0013179
59 10000 0.95 0.0014854
60 10000 0.95 0.0016373
61 10000 0.95 0.001311
62 10000 0.95 0.0013617
63 10000 0.95 0.0017183
64 10000 0.95 0.0015079
65 10000 0.95 0.0015586
66 10000 0.95 0.0017861
67 10000 0.95 0.001528
68 10000 0.95 0.0013591
69 10000 0.95 0.0016205
70 10000 0.95 0.0014021
71 10000 0.95 0.0013358
72 10000 0.95 0.0014142
73 10000 0.95 0.0014098
74 10000 0.95 0.0012713
75 10000 0.95 0.0013135
76 10000 0.95 0.0012709
77 10000 0.95 0.0015356
78 10000 0.95 0.0013977
79 10000 0.95 0.0012425
80 10000 0.95 0.0013602
81 10000 0.95 0.0018062
82 10000 0.95 0.0015951
83 10000 0.95 0.0015003
84 10000 0.95 0.0017735
85 10000 0.95 0.0014784
86 10000 0.95 0.001361
87 10000 0.95 0.0014249
88 10000 0.95 0.0013639
89 10000 0.95 0.0014865
90 10000 0.95 0.0014255
91 10000 0.95 0.0014118
92 10000 0.95 0.0020728
93 10000 0.95 0.0013401
94 10000 0.95 0.0012647
95 10000 0.95 0.0013967
96 10000 0.95 0.0013938
97 10000 0.95 0.0016093
98 10000 0.95 0.0012341
99 10000 0.95 0.0018828
0 10000 0.99 0.0012282
1 10000 0.99 0.001217
2 10000 0.99 0.0012992
3 10000 0.99 0.0012366
4 10000 0.99 0.0012899
5 10000 0.99 0.0012687
6 10000 0.99 0.0015995
7 10000 0.99 0.0013558
8 10000 0.99 0.0012468
9 10000 0.99 0.0012512
10 10000 0.99 0.0012337
11 10000 0.99 0.0015138
12 10000 0.99 0.0011491
13 10000 0.99 0.0011728
14 10000 0.99 0.0011844
15 10000 0.99 0.0012701
16 10000 0.99 0.0012085
17 10000 0.99 0.0012654
18 10000 0.99 0.0012257
19 10000 0.99 0.0013533
20 10000 0.99 0.0013606
21 10000 0.99 0.0012905
22 10000 0.99 0.0012166
23 10000 0.99 0.0012589
24 10000 0.99 0.0012953
25 10000 0.99 0.0012431
26 10000 0.99 0.0012442
27 10000 0.99 0.0012723
28 10000 0.99 0.0023025
29 10000 0.99 0.0015002
30 10000 0.99 0.0015014
31 10000 0.99 0.0014561
32 10000 0.99 0.0017059
33 10000 0.99 0.0011892
34 10000 0.99 0.0012336
35 10000 0.99 0.0014521
36 10000 0.99 0.0012961
37 10000 0.99 0.0014821
38 10000 0.99 0.001377
39 10000 0.99 0.0015276
40 10000 0.99 0.0012913
41 10000 0.99 0.0013215
42 10000 0.99 0.0014361
43 10000 0.99 0.0013716
44 10000 0.99 0.0011925
45 10000 0.99 0.0011896
46 10000 0.99 0.0011819
47 10000 0.99 0.0014599
48 10000 0.99 0.0011644
49 10000 0.99 0.0012504
50 10000 0.99 0.00133
51 10000 0.99 0.0012399
52 10000 0.99 0.0013563
53 10000 0.99 0.0012884
54 10000 0.99 0.0014901
55 10000 0.99 0.0014419
56 10000 0.99 0.0017789
57 10000 0.99 0.0012979
58 10000 0.99 0.0013049
59 10000 0.99 0.0011728
60 10000 0.99 0.0011408
61 10000 0.99 0.0011689
62 10000 0.99 0.0012421
63 10000 0.99 0.0012753
64 10000 0.99 0.0012067
65 10000 0.99 0.001474
66 10000 0.99 0.0012005
67 10000 0.99 0.0015827
68 10000 0.99 0.0013362
69 10000 0.99 0.0016531
70 10000 0.99 0.0012986
71 10000 0.99 0.0014354
72 10000 0.99 0.0016727
73 10000 0.99 0.0012435
74 10000 0.99 0.0015414
75 10000 0.99 0.0012111
76 10000 0.99 0.001516
77 10000 0.99 0.0013868
78 10000 0.99 0.001924
79 10000 0.99 0.0013193
80 10000 0.99 0.0013347
81 10000 0.99 0.0012562
82 10000 0.99 0.0013825
83 10000 0.99 0.0013325
84 10000 0.99 0.001997
85 10000 0.99 0.0019644
86 10000 0.99 0.0013457
87 10000 0.99 0.0013209
88 10000 0.99 0.0013383
89 10000 0.99 0.0013554
90 10000 0.99 0.0012614
91 10000 0.99 0.0012967
92 10000 0.99 0.0012888
93 10000 0.99 0.0014409
94 10000 0.99 0.001384
95 10000 0.99 0.0011703
96 10000 0.99 0.0011761
97 10000 0.99 0.0012027
98 10000 0.99 0.0011798
99 10000 0.99 0.0015374
0 10000 0.997 0.0011188
1 10000 0.997 0.0014349
2 10000 0.997 0.0012418
3 10000 0.997 0.0012898
4 10000 0.997 0.0012447
5 10000 0.997 0.001152
6 10000 0.997 0.0011757
7 10000 0.997 0.0011316
8 10000 0.997 0.0012162
9 10000 0.997 0.001094
10 10000 0.997 0.0010838
11 10000 0.997 0.0010824
12 10000 0.997 0.0011404
13 10000 0.997 0.0012928
14 10000 0.997 0.0010966
15 10000 0.997 0.0012749
16 10000 0.997 0.0018
17 10000 0.997 0.0012662
18 10000 0.997 0.0011597
19 10000 0.997 0.0012964
20 10000 0.997 0.0012454
21 10000 0.997 0.0013835
22 10000 0.997 0.0012199
23 10000 0.997 0.0012148
24 10000 0.997 0.0012359
25 10000 0.997 0.0011739
26 10000 0.997 0.0010768
27 10000 0.997 0.001132
28 10000 0.997 0.0010892
29 10000 0.997 0.0012719
30 10000 0.997 0.0013077
31 10000 0.997 0.00147
32 10000 0.997 0.0011501
33 10000 0.997 0.0011294
34 10000 0.997 0.0010852
35 10000 0.997 0.0010864
36 10000 0.997 0.0012982
37 10000 0.997 0.0012665
38 10000 0.997 0.0016118
39 10000 0.997 0.001295
40 10000 0.997 0.001285
41 10000 0.997 0.0013708
42 10000 0.997 0.0015149
43 10000 0.997 0.0010849
44 10000 0.997 0.0010649
45 10000 0.997 0.0011312
46 10000 0.997 0.0012771
47 10000 0.997 0.001373
48 10000 0.997 0.0012056
49 10000 0.997 0.0012158
50 10000 0.997 0.0012851
51 10000 0.997 0.00135
52 10000 0.997 0.0012861
53 10000 0.997 0.0011717
54 10000 0.997 0.0011216
55 10000 0.997 0.0010853
56 10000 0.997 0.0011162
57 10000 0.997 0.0016301
58 10000 0.997 0.0011651
59 10000 0.997 0.0011797
60 10000 0.997 0.0011447
61 10000 0.997 0.0011561
62 10000 0.997 0.001152
63 10000 0.997 0.0011472
64 10000 0.997 0.0015287
65 10000 0.997 0.001234
66 10000 0.997 0.0011458
67 10000 0.997 0.0011695
68 10000 0.997 0.0011725
69 10000 0.997 0.0010889
70 10000 0.997 0.0010907
71 10000 0.997 0.0010794
72 10000 0.997 0.0010951
73 10000 0.997 0.0012731
74 10000 0.997 0.0014802
75 10000 0.997 0.0013237
76 10000 0.997 0.0017257
77 10000 0.997 0.0016258
78 10000 0.997 0.0012577
79 10000 0.997 0.0014867
80 10000 0.997 0.0012785
81 10000 0.997 0.0012738
82 10000 0.997 0.0012217
83 10000 0.997 0.0012056
84 10000 0.997 0.0012082
85 10000 0.997 0.0014009
86 10000 0.997 0.0013453
87 10000 0.997 0.0014591
88 10000 0.997 0.0012085
89 10000 0.997 0.0012151
90 10000 0.997 0.0011695
91 10000 0.997 0.0012024
92 10000 0.997 0.0011367
93 10000 0.997 0.0012067
94 10000 0.997 0.001264
95 10000 0.997 0.0011246
96 10000 0.997 0.0011316
97 10000 0.997 0.001163
98 10000 0.997 0.001086
99 10000 0.997 0.0018351
0 50000 -1 0.0063329
1 50000 -1 0.0068792
2 50000 -1 0.0062158
3 50000 -1 0.0061119
4 50000 -1 0.0059118
5 50000 -1 0.0062355
6 50000 -1 0.0060025
7 50000 -1 0.0058997
8 50000 -1 0.0057312
9 50000 -1 0.0063438
10 50000 -1 0.011605
11 50000 -1 0.0064267
12 50000 -1 0.0059984
13 50000 -1 0.0059427
14 50000 -1 0.0064544
15 50000 -1 0.0061283
16 50000 -1 0.0060561
17 50000 -1 0.0063829
18 50000 -1 0.0063879
19 50000 -1 0.0060553
20 50000 -1 0.0061235
21 50000 -1 0.0062706
22 50000 -1 0.0057911
23 50000 -1 0.007188
24 50000 -1 0.0059255
25 50000 -1 0.0062662
26 50000 -1 0.0058282
27 50000 -1 0.0057349
28 50000 -1 0.0064905
29 50000 -1 0.0062498
30 50000 -1 0.0057917
31 50000 -1 0.0058428
32 50000 -1 0.0067294
33 50000 -1 0.0059504
34 50000 -1 0.0058319
35 50000 -1 0.00659
36 50000 -1 0.0060882
37 50000 -1 0.0061086
38 50000 -1 0.0065961
39 50000 -1 0.0059467
40 50000 -1 0.0056088
41 50000 -1 0.0066975
42 50000 -1 0.0073875
43 50000 -1 0.00725
44 50000 -1 0.0079257
45 50000 -1 0.0072741
46 50000 -1 0.0065593
47 50000 -1 0.0082172
48 50000 -1 0.0065218
49 50000 -1 0.0069222
50 50000 -1 0.0069372
51 50000 -1 0.007091
52 50000 -1 0.0065171
53 50000 -1 0.0067967
54 50000 -1 0.0069058
55 50000 -1 0.0059347
56 50000 -1 0.0062005
57 50000 -1 0.0063705
58 50000 -1 0.0072416
59 50000 -1 0.005702
60 50000 -1 0.0059201
61 50000 -1 0.0064525
62 50000 -1 0.0060815
63 50000 -1 0.0059142
64 50000 -1 0.0064853
65 50000 -1 0.0061163
66 50000 -1 0.0061455
67 50000 -1 0.0057884
68 50000 -1 0.0066888
69 50000 -1 0.0061247
70 50000 -1 0.005958
71 50000 -1 0.0057611
72 50000 -1 0.0062063
73 50000 -1 0.006563
74 50000 -1 0.0063832
75 50000 -1 0.0065988
76 50000 -1 0.0066645
77 50000 -1 0.0061469
78 50000 -1 0.0066268
79 50000 -1 0.0070583
80 50000 -1 0.006098
81 50000 -1 0.0056798
82 50000 -1 0.0065032
83 50000 -1 0.0065112
84 50000 -1 0.0057987
85 50000 -1 0.0060805
86 50000 -1 0.0059208
87 50000 -1 0.005869
88 50000 -1 0.0064751
89 50000 -1 0.0058589
90 50000 -1 0.0064033
91 50000 -1 0.0067405
92 50000 -1 0.0067461
93 50000 -1 0.0068427
94 50000 -1 0.0067315
95 50000 -1 0.00621
96 50000 -1 0.0069018
97 50000 -1 0.0073587
98 50000 -1 0.0067858
99 50000 -1 0.0094409
0 50000 1 0.0085851
1 50000 1 0.0087591
2 50000 1 0.009115
3 50000 1 0.0086638
4 50000 1 0.009204
5 50000 1 0.0091116
6 50000 1 0.0093184
7 50000 1 0.0087575
8 50000 1 0.0097366
9 50000 1 0.0098469
10 50000 1 0.0092437
11 50000 1 0.0094125
12 50000 1 0.0088764
13 50000 1 0.0102535
14 50000 1 0.0084166
15 50000 1 0.0094553
16 50000 1 0.0092513
17 50000 1 0.0088466
18 50000 1 0.009014
19 50000 1 0.0103232
20 50000 1 0.0096481
21 50000 1 0.0101197
22 50000 1 0.0113381
23 50000 1 0.0107286
24 50000 1 0.010228
25 50000 1 0.009305
26 50000 1 0.0114923
27 50000 1 0.0097638
28 50000 1 0.0119047
29 50000 1 0.0090041
30 50000 1 0.0094676
31 50000 1 0.0086815
32 50000 1 0.0087784
33 50000 1 0.0089928
34 50000 1 0.0087493
35 50000 1 0.0097334
36 50000 1 0.0093896
37 50000 1 0.0084761
38 50000 1 0.0096226
39 50000 1 0.0083481
40 50000 1 0.0086098
41 50000 1 0.0088568
42 50000 1 0.008483
43 50000 1 0.0101208
44 50000 1 0.0086183
45 50000 1 0.0098338
46 50000 1 0.0086275
47 50000 1 0.0087962
48 50000 1 0.0091274
49 50000 1 0.0096616
50 50000 1 0.0094053
51 50000 1 0.0086215
52 50000 1 0.0087145
53 50000 1 0.008907
54 50000 1 0.0090125
55 50000 1 0.0086428
56 50000 1 0.0099541
57 50000 1 0.0086052
58 50000 1 0.0091022
59 50000 1 0.0098874
60 50000 1 0.0091022
61 50000 1 0.0098414
62 50000 1 0.0100077
63 50000 1 0.0089235
64 50000 1 0.0085119
65 50000 1 0.0086525
66 50000 1 0.0093819
67 50000 1 0.0091175
68 50000 1 0.0095632
69 50000 1 0.0095741
70 50000 1 0.0088698
71 50000 1 0.0088046
72 50000 1 0.0092821
73 50000 1 0.0088732
74 50000 1 0.0085858
75 50000 1 0.0188714
76 50000 1 0.0087196
77 50000 1 0.0096248
78 50000 1 0.0087643
79 50000 1 0.0088627
80 50000 1 0.0088418
81 50000 1 0.0088258
82 50000 1 0.008723
83 50000 1 0.008841
84 50000 1 0.0093841
85 50000 1 0.0085899
86 50000 1 0.0088764
87 50000 1 0.0090697
88 50000 1 0.0092521
89 50000 1 0.0089433
90 50000 1 0.0094635
91 50000 1 0.0090121
92 50000 1 0.0094267
93 50000 1 0.0093593
94 50000 1 0.0093576
95 50000 1 0.0091981
96 50000 1 0.0097094
97 50000 1 0.0116903
98 50000 1 0.0091901
99 50000 1 0.009844
0 50000 0.25 0.0088371
1 50000 0.25 0.0088987
2 50000 0.25 0.008604
3 50000 0.25 0.009875
4 50000 0.25 0.0086383
5 50000 0.25 0.0090398
6 50000 0.25 0.0086369
7 50000 0.25 0.0096207
8 50000 0.25 0.0088772
9 50000 0.25 0.008859
10 50000 0.25 0.0088076
11 50000 0.25 0.0096033
12 50000 0.25 0.0084127
13 50000 0.25 0.0088804
14 50000 0.25 0.0094254
15 50000 0.25 0.0084323
16 50000 0.25 0.009484
17 50000 0.25 0.008577
18 50000 0.25 0.0100455
19 50000 0.25 0.0082033
20 50000 0.25 0.0088652
21 50000 0.25 0.0092758
22 50000 0.25 0.0088086
23 50000 0.25 0.0091278
24 50000 0.25 0.0095091
25 50000 0.25 0.0085049
26 50000 0.25 0.010384
27 50000 0.25 0.0087878
28 50000 0.25 0.009243
29 50000 0.25 0.0087561
30 50000 0.25 0.0095293
31 50000 0.25 0.0085184
32 50000 0.25 0.0088031
33 50000 0.25 0.0101065
34 50000 0.25 0.0094388
35 50000 0.25 0.0084812
36 50000 0.25 0.0086745
37 50000 0.25 0.0097454
38 50000 0.25 0.0095256
39 50000 0.25 0.0089042
40 50000 0.25 0.0087885
41 50000 0.25 0.0085177
42 50000 0.25 0.0086457
43 50000 0.25 0.0090089
44 50000 0.25 0.0096372
45 50000 0.25 0.0089064
46 50000 0.25 0.0095935
47 50000 0.25 0.0090165
48 50000 0.25 0.0090165
49 50000 0.25 0.009747
50 50000 0.25 0.009232
51 50000 0.25 0.0100179
52 50000 0.25 0.0092637
53 50000 0.25 0.0097601
54 50000 0.25 0.0092696
55 50000 0.25 0.0096419
56 50000 0.25 0.0093728
57 50000 0.25 0.0095544
58 50000 0.25 0.0097098
59 50000 0.25 0.0093031
60 50000 0.25 0.0092744
61 50000 0.25 0.0095977
62 50000 0.25 0.0105952
63 50000 0.25 0.0104205
64 50000 0.25 0.0098907
65 50000 0.25 0.0095799
66 50000 0.25 0.0102197
67 50000 0.25 0.0100121
68 50000 0.25 0.0090303
69 50000 0.25 0.0086078
70 50000 0.25 0.0092025
71 50000 0.25 0.0087145
72 50000 0.25 0.0092783
73 50000 0.25 0.0088568
74 50000 0.25 0.0091354
75 50000 0.25 0.0086792
76 50000 0.25 0.0098283
77 50000 0.25 0.0091317
78 50000 0.25 0.0092346
79 50000 0.25 0.0088813
80 50000 0.25 0.0099952
81 50000 0.25 0.009585
82 50000 0.25 0.0091025
83 50000 0.25 0.0090194
84 50000 0.25 0.0089934
85 50000 0.25 0.0088203
86 50000 0.25 0.0091041
87 50000 0.25 0.0090464
88 50000 0.25 0.0099016
89 50000 0.25 0.0100576
90 50000 0.25 0.0093433
91 50000 0.25 0.008824
92 50000 0.25 0.0084082
93 50000 0.25 0.0085829
94 50000 0.25 0.0092102
95 50000 0.25 0.0096022
96 50000 0.25 0.0085829
97 50000 0.25 0.0093466
98 50000 0.25 0.0084665
99 50000 0.25 0.0089508
0 50000 0.5 0.0287055
1 50000 0.5 0.009112
2 50000 0.5 0.0361852
3 50000 0.5 0.0095395
4 50000 0.5 0.0260336
5 50000 0.5 0.0186209
6 50000 0.5 0.0351853
7 50000 0.5 0.0227635
8 50000 0.5 0.0232683
9 50000 0.5 0.0093903
10 50000 0.5 0.0090963
11 50000 0.5 0.0096781
12 50000 0.5 0.022607
13 50000 0.5 0.0093119
14 50000 0.5 0.0086318
15 50000 0.5 0.0123507
16 50000 0.5 0.0199239
17 50000 0.5 0.0201579
18 50000 0.5 0.0139129
19 50000 0.5 0.0092349
20 50000 0.5 0.0122496
21 50000 0.5 0.0159483
22 50000 0.5 0.0097586
23 50000 0.5 0.0113566
24 50000 0.5 0.0100138
25 50000 0.5 0.0188375
26 50000 0.5 0.0098282
27 50000 0.5 0.0093312
28 50000 0.5 0.0248379
29 50000 0.5 0.0084204
30 50000 0.5 0.0108898
31 50000 0.5 0.0237959
32 50000 0.5 0.0091227
33 50000 0.5 0.0097123
34 50000 0.5 0.0340236
35 50000 0.5 0.0090592
36 50000 0.5 0.0171965
37 50000 0.5 0.0125688
38 50000 0.5 0.0141434
39 50000 0.5 0.0136734
40 50000 0.5 0.0353889
41 50000 0.5 0.014147
42 50000 0.5 0.0146052
43 50000 0.5 0.0361419
44 50000 0.5 0.0241916
45 50000 0.5 0.009507
46 50000 0.5 0.0102674
47 50000 0.5 0.0137547
48 50000 0.5 0.0119161
49 50000 0.5 0.0102487
50 50000 0.5 0.0089778
51 50000 0.5 0.0364543
52 50000 0.5 0.0106211
53 50000 0.5 0.0117712
54 50000 0.5 0.0235385
55 50000 0.5 0.0371376
56 50000 0.5 0.0092612
57 50000 0.5 0.0299694
58 50000 0.5 0.014492
59 50000 0.5 0.0101109
60 50000 0.5 0.0230954
61 50000 0.5 0.0222899
62 50000 0.5 0.0138568
63 50000 0.5 0.0344947
64 50000 0.5 0.0154125
65 50000 0.5 0.0112086
66 50000 0.5 0.0092998
67 50000 0.5 0.0142576
68 50000 0.5 0.0146339
69 50000 0.5 0.0114365
70 50000 0.5 0.0193167
71 50000 0.5 0.010239
72 50000 0.5 0.0126822
73 50000 0.5 0.0207284
74 50000 0.5 0.0168928
75 50000 0.5 0.011533
76 50000 0.5 0.0094431
77 50000 0.5 0.0110783
78 50000 0.5 0.0088389
79 50000 0.5 0.0102659
80 50000 0.5 0.0124626
81 50000 0.5 0.0149789
82 50000 0.5 0.0232209
83 50000 0.5 0.0163271
84 50000 0.5 0.0286231
85 50000 0.5 0.0223567
86 50000 0.5 0.025217
87 50000 0.5 0.0257797
88 50000 0.5 0.0340377
89 50000 0.5 0.0176917
90 50000 0.5 0.0227077
91 50000 0.5 0.0102907
92 50000 0.5 0.009531
93 50000 0.5 0.0164558
94 50000 0.5 0.0160573
95 50000 0.5 0.0102943
96 50000 0.5 0.0104125
97 50000 0.5 0.0113814
98 50000 0.5 0.0240968
99 50000 0.5 0.0097385
0 50000 0.75 0.0075249
1 50000 0.75 0.0079443
2 50000 0.75 0.007595
3 50000 0.75 0.0088135
4 50000 0.75 0.0085761
5 50000 0.75 0.0077186
6 50000 0.75 0.0075338
7 50000 0.75 0.0083503
8 50000 0.75 0.0081395
9 50000 0.75 0.008267
10 50000 0.75 0.0077966
11 50000 0.75 0.0080165
12 50000 0.75 0.008459
13 50000 0.75 0.0079109
14 50000 0.75 0.0076252
15 50000 0.75 0.0082715
16 50000 0.75 0.0090665
17 50000 0.75 0.0083779
18 50000 0.75 0.0080586
19 50000 0.75 0.0087824
20 50000 0.75 0.0078871
21 50000 0.75 0.0086556
22 50000 0.75 0.0078332
23 50000 0.75 0.0115874
24 50000 0.75 0.0085351
25 50000 0.75 0.0083819
26 50000 0.75 0.0081726
27 50000 0.75 0.0087142
28 50000 0.75 0.0080852
29 50000 0.75 0.0080422
30 50000 0.75 0.0083141
31 50000 0.75 0.009014
32 50000 0.75 0.0085479
33 50000 0.75 0.0087062
34 50000 0.75 0.0089246
35 50000 0.75 0.0081665
36 50000 0.75 0.0085669
37 50000 0.75 0.0074684
38 50000 0.75 0.0079933
39 50000 0.75 0.0088724
40 50000 0.75 0.0087349
41 50000 0.75 0.0082748
42 50000 0.75 0.0087911
43 50000 0.75 0.0089596
44 50000 0.75 0.0081989
45 50000 0.75 0.0138693
46 50000 0.75 0.0077377
47 50000 0.75 0.0080943
48 50000 0.75 0.0081355
49 50000 0.75 0.008045
50 50000 0.75 0.0080516
51 50000 0.75 0.0078507
52 50000 0.75 0.0086085
53 50000 0.75 0.0082908
54 50000 0.75 0.0081373
55 50000 0.75 0.0086242
56 50000 0.75 0.007662
57 50000 0.75 0.0083218
58 50000 0.75 0.0075608
59 50000 0.75 0.0077503
60 50000 0.75 0.0077953
61 50000 0.75 0.0080352
62 50000 0.75 0.0079042
63 50000 0.75 0.0082818
64 50000 0.75 0.0078518
65 50000 0.75 0.00811
66 50000 0.75 0.0085899
67 50000 0.75 0.0084126
68 50000 0.75 0.0080957
69 50000 0.75 0.0093527
70 50000 0.75 0.0086578
71 50000 0.75 0.0081992
72 50000 0.75 0.0081927
73 50000 0.75 0.0078135
74 50000 0.75 0.008243
75 50000 0.75 0.0081542
76 50000 0.75 0.0080162
77 50000 0.75 0.0085832
78 50000 0.75 0.0078806
79 50000 0.75 0.0078408
80 50000 0.75 0.0081782
81 50000 0.75 0.009045
82 50000 0.75 0.0080484
83 50000 0.75 0.0078761
84 50000 0.75 0.0079097
85 50000 0.75 0.0081352
86 50000 0.75 0.0080597
87 50000 0.75 0.0081691
88 50000 0.75 0.0081959
89 50000 0.75 0.0079351
90 50000 0.75 0.0080297
91 50000 0.75 0.0081213
92 50000 0.75 0.0094264
93 50000 0.75 0.0077212
94 50000 0.75 0.0080516
95 50000 0.75 0.0085774
96 50000 0.75 0.0077434
97 50000 0.75 0.0080816
98 50000 0.75 0.0082372
99 50000 0.75 0.009278
0 50000 0.95 0.0071494
1 50000 0.95 0.0079773
2 50000 0.95 0.0071825
3 50000 0.95 0.0077475
4 50000 0.95 0.0074382
5 50000 0.95 0.0083849
6 50000 0.95 0.0074911
7 50000 0.95 0.007925
8 50000 0.95 0.0077095
9 50000 0.95 0.0081505
10 50000 0.95 0.0074331
11 50000 0.95 0.0072818
12 50000 0.95 0.0081471
13 50000 0.95 0.0076286
14 50000 0.95 0.0071075
15 50000 0.95 0.0073551
16 50000 0.95 0.0073189
17 50000 0.95 0.0072532
18 50000 0.95 0.0073952
19 50000 0.95 0.0073774
20 50000 0.95 0.010919
21 50000 0.95 0.0081574
22 50000 0.95 0.0072861
23 50000 0.95 0.007385
24 50000 0.95 0.0077431
25 50000 0.95 0.0076617
26 50000 0.95 0.0076876
27 50000 0.95 0.0072118
28 50000 0.95 0.0075363
29 50000 0.95 0.0081078
30 50000 0.95 0.0080337
31 50000 0.95 0.0077522
32 50000 0.95 0.0082663
33 50000 0.95 0.0086034
34 50000 0.95 0.0073054
35 50000 0.95 0.0121323
36 50000 0.95 0.0096154
37 50000 0.95 0.0082156
38 50000 0.95 0.0081526
39 50000 0.95 0.0081596
40 50000 0.95 0.0074583
41 50000 0.95 0.0076942
42 50000 0.95 0.0080341
43 50000 0.95 0.007086
44 50000 0.95 0.0070276
45 50000 0.95 0.0076515
46 50000 0.95 0.0084868
47 50000 0.95 0.0077168
48 50000 0.95 0.0074075
49 50000 0.95 0.0081352
50 50000 0.95 0.007394
51 50000 0.95 0.0074233
52 50000 0.95 0.0081686
53 50000 0.95 0.0074893
54 50000 0.95 0.0078368
55 50000 0.95 0.0074941
56 50000 0.95 0.0077078
57 50000 0.95 0.0075214
58 50000 0.95 0.0076053
59 50000 0.95 0.0075432
60 50000 0.95 0.0077144
61 50000 0.95 0.0091707
62 50000 0.95 0.007664
63 50000 0.95 0.0079944
64 50000 0.95 0.0070473
65 50000 0.95 0.0079523
66 50000 0.95 0.0072358
67 50000 0.95 0.0074102
68 50000 0.95 0.0080041
69 50000 0.95 0.0072613
70 50000 0.95 0.0074098
71 50000 0.95 0.0073959
72 50000 0.95 0.0078915
73 50000 0.95 0.0086617
74 50000 0.95 0.0073652
75 50000 0.95 0.0076079
76 50000 0.95 0.0082113
77 50000 0.95 0.0073368
78 50000 0.95 0.0069613
79 50000 0.95 0.0074594
80 50000 0.95 0.0077631
81 50000 0.95 0.0076793
82 50000 0.95 0.0080578
83 50000 0.95 0.0079382
84 50000 0.95 0.0070936
85 50000 0.95 0.0074425
86 50000 0.95 0.0076698
87 50000 0.95 0.0077092
88 50000 0.95 0.0075509
89 50000 0.95 0.0074221
90 50000 0.95 0.0074678
91 50000 0.95 0.0077726
92 50000 0.95 0.0074397
93 50000 0.95 0.0069583
94 50000 0.95 0.0074928
95 50000 0.95 0.0079341
96 50000 0.95 0.0075742
97 50000 0.95 0.0075932
98 50000 0.95 0.0074864
99 50000 0.95 0.0088057
0 50000 0.99 0.0068988
1 50000 0.99 0.0070667
2 50000 0.99 0.0076582
3 50000 0.99 0.0070262
4 50000 0.99 0.006866
5 50000 0.99 0.0068059
6 50000 0.99 0.007044
7 50000 0.99 0.00678
8 50000 0.99 0.0065477
9 50000 0.99 0.0066593
10 50000 0.99 0.0070003
11 50000 0.99 0.0063357
12 50000 0.99 0.0068657
13 50000 0.99 0.0070707
14 50000 0.99 0.0068263
15 50000 0.99 0.0065959
16 50000 0.99 0.0067052
17 50000 0.99 0.0066819
18 50000 0.99 0.0069098
19 50000 0.99 0.0070616
20 50000 0.99 0.0065572
21 50000 0.99 0.0072664
22 50000 0.99 0.0066111
23 50000 0.99 0.0067935
24 50000 0.99 0.0067005
25 50000 0.99 0.0067734
26 50000 0.99 0.0072191
27 50000 0.99 0.0064055
28 50000 0.99 0.0196723
29 50000 0.99 0.0069072
30 50000 0.99 0.0078124
31 50000 0.99 0.0063956
32 50000 0.99 0.0068788
33 50000 0.99 0.0067128
34 50000 0.99 0.0066327
35 50000 0.99 0.0072271
36 50000 0.99 0.0063213
37 50000 0.99 0.0064132
38 50000 0.99 0.0068737
39 50000 0.99 0.0076341
40 50000 0.99 0.0066915
41 50000 0.99 0.0064204
42 50000 0.99 0.0065372
43 50000 0.99 0.0068179
44 50000 0.99 0.0071202
45 50000 0.99 0.007547
46 50000 0.99 0.0080909
47 50000 0.99 0.0077912
48 50000 0.99 0.0068314
49 50000 0.99 0.0071141
50 50000 0.99 0.0072713
51 50000 0.99 0.0069667
52 50000 0.99 0.008386
53 50000 0.99 0.0066827
54 50000 0.99 0.0075469
55 50000 0.99 0.0077215
56 50000 0.99 0.0069699
57 50000 0.99 0.0069201
58 50000 0.99 0.0064219
59 50000 0.99 0.0069197
60 50000 0.99 0.0066475
61 50000 0.99 0.006509
62 50000 0.99 0.0064794
63 50000 0.99 0.0074474
64 50000 0.99 0.0073353
65 50000 0.99 0.0066903
66 50000 0.99 0.0066417
67 50000 0.99 0.0062639
68 50000 0.99 0.0067566
69 50000 0.99 0.0064649
70 50000 0.99 0.0071169
71 50000 0.99 0.0070189
72 50000 0.99 0.0066742
73 50000 0.99 0.006342
74 50000 0.99 0.0066564
75 50000 0.99 0.0067165
76 50000 0.99 0.0066125
77 50000 0.99 0.007477
78 50000 0.99 0.006613
79 50000 0.99 0.0067741
80 50000 0.99 0.0082282
81 50000 0.99 0.0064312
82 50000 0.99 0.00671
83 50000 0.99 0.0067348
84 50000 0.99 0.0068295
85 50000 0.99 0.0070108
86 50000 0.99 0.006485
87 50000 0.99 0.0066191
88 50000 0.99 0.0068678
89 50000 0.99 0.0076267
90 50000 0.99 0.0067137
91 50000 0.99 0.0074155
92 50000 0.99 0.0073528
93 50000 0.99 0.0064668
94 50000 0.99 0.0066596
95 50000 0.99 0.0071924
96 50000 0.99 0.0071126
97 50000 0.99 0.0065645
98 50000 0.99 0.0070017
99 50000 0.99 0.009003
0 50000 0.997 0.006296
1 50000 0.997 0.0063219
2 50000 0.997 0.0067639
3 50000 0.997 0.0072537
4 50000 0.997 0.0061542
5 50000 0.997 0.0064281
6 50000 0.997 0.0068154
7 50000 0.997 0.0068406
8 50000 0.997 0.0061174
9 50000 0.997 0.0075305
10 50000 0.997 0.0067442
11 50000 0.997 0.0062217
12 50000 0.997 0.0067505
13 50000 0.997 0.0066795
14 50000 0.997 0.0071709
15 50000 0.997 0.0065823
16 50000 0.997 0.006272
17 50000 0.997 0.0065637
18 50000 0.997 0.0066859
19 50000 0.997 0.0060766
20 50000 0.997 0.0062454
21 50000 0.997 0.0061888
22 50000 0.997 0.0067042
23 50000 0.997 0.0067125
24 50000 0.997 0.0062863
25 50000 0.997 0.00661
26 50000 0.997 0.0154953
27 50000 0.997 0.0064783
28 50000 0.997 0.0063362
29 50000 0.997 0.0069521
30 50000 0.997 0.0062494
31 50000 0.997 0.0067862
32 50000 0.997 0.0066385
33 50000 0.997 0.0063839
34 50000 0.997 0.006788
35 50000 0.997 0.0064233
36 50000 0.997 0.0069346
37 50000 0.997 0.0065211
38 50000 0.997 0.0064869
39 50000 0.997 0.0064729
40 50000 0.997 0.0062297
41 50000 0.997 0.0066756
42 50000 0.997 0.0064091
43 50000 0.997 0.0070765
44 50000 0.997 0.0061662
45 50000 0.997 0.0064193
46 50000 0.997 0.0065152
47 50000 0.997 0.0064412
48 50000 0.997 0.0064054
49 50000 0.997 0.0066166
50 50000 0.997 0.006373
51 50000 0.997 0.006602
52 50000 0.997 0.0065119
53 50000 0.997 0.0063038
54 50000 0.997 0.006428
55 50000 0.997 0.0080541
56 50000 0.997 0.0070287
57 50000 0.997 0.0067555
58 50000 0.997 0.0069149
59 50000 0.997 0.0062803
60 50000 0.997 0.0063962
61 50000 0.997 0.0068114
62 50000 0.997 0.006497
63 50000 0.997 0.0067217
64 50000 0.997 0.0075772
65 50000 0.997 0.006932
66 50000 0.997 0.0068183
67 50000 0.997 0.00721
68 50000 0.997 0.0070688
69 50000 0.997 0.0069026
70 50000 0.997 0.0069857
71 50000 0.997 0.006198
72 50000 0.997 0.0062643
73 50000 0.997 0.0063085
74 50000 0.997 0.00607
75 50000 0.997 0.006221
76 50000 0.997 0.0063092
77 50000 0.997 0.0069099
78 50000 0.997 0.0063224
79 50000 0.997 0.0068725
80 50000 0.997 0.0059849
81 50000 0.997 0.0070826
82 50000 0.997 0.0066158
83 50000 0.997 0.0063221
84 50000 0.997 0.0070524
85 50000 0.997 0.0069685
86 50000 0.997 0.0060295
87 50000 0.997 0.0063635
88 50000 0.997 0.0066972
89 50000 0.997 0.0062461
90 50000 0.997 0.0064302
91 50000 0.997 0.0064977
92 50000 0.997 0.00645
93 50000 0.997 0.0065079
94 50000 0.997 0.0073405
95 50000 0.997 0.0062581
96 50000 0.997 0.0063694
97 50000 0.997 0.0064179
98 50000 0.997 0.0066225
99 50000 0.997 0.0092463
0 100000 -1 0.0121286
1 100000 -1 0.0128729
2 100000 -1 0.0142064
3 100000 -1 0.0143812
4 100000 -1 0.0143102
5 100000 -1 0.0125848
6 100000 -1 0.0124197
7 100000 -1 0.0122468
8 100000 -1 0.0122932
9 100000 -1 0.0137528
10 100000 -1 0.0138478
11 100000 -1 0.0119846
12 100000 -1 0.0123846
13 100000 -1 0.0122133
14 100000 -1 0.0123154
15 100000 -1 0.0127585
16 100000 -1 0.012579
17 100000 -1 0.0124033
18 100000 -1 0.0147554
19 100000 -1 0.01336
20 100000 -1 0.0123909
21 100000 -1 0.0120476
22 100000 -1 0.012576
23 100000 -1 0.0141358
24 100000 -1 0.0122622
25 100000 -1 0.0123172
26 100000 -1 0.01287
27 100000 -1 0.0125652
28 100000 -1 0.0119251
29 100000 -1 0.0128598
30 100000 -1 0.0126673
31 100000 -1 0.0123937
32 100000 -1 0.0129199
33 100000 -1 0.0134494
34 100000 -1 0.0116261
35 100000 -1 0.0132361
36 100000 -1 0.0138652
37 100000 -1 0.0123025
38 100000 -1 0.0126914
39 100000 -1 0.0125018
40 100000 -1 0.0130917
41 100000 -1 0.0125842
42 100000 -1 0.0128489
43 100000 -1 0.0128387
44 100000 -1 0.0122045
45 100000 -1 0.0122668
46 100000 -1 0.012699
47 100000 -1 0.0123927
48 100000 -1 0.0131967
49 100000 -1 0.0118708
50 100000 -1 0.0123518
51 100000 -1 0.01214
52 100000 -1 0.0119043
53 100000 -1 0.0127952
54 100000 -1 0.0124754
55 100000 -1 0.0123752
56 100000 -1 0.0120877
57 100000 -1 0.0126431
58 100000 -1 0.012692
59 100000 -1 0.0119583
60 100000 -1 0.0121221
61 100000 -1 0.0125899
62 100000 -1 0.0131272
63 100000 -1 0.0118639
64 100000 -1 0.012141
65 100000 -1 0.0126118
66 100000 -1 0.0124467
67 100000 -1 0.0130884
68 100000 -1 0.0119871
69 100000 -1 0.0230521
70 100000 -1 0.013068
71 100000 -1 0.0125958
72 100000 -1 0.0116287
73 100000 -1 0.0128233
74 100000 -1 0.0134436
75 100000 -1 0.0130757
76 100000 -1 0.0133423
77 100000 -1 0.0135672
78 100000 -1 0.0117589
79 100000 -1 0.0124207
80 100000 -1 0.0126125
81 100000 -1 0.012068
82 100000 -1 0.0128277
83 100000 -1 0.0126158
84 100000 -1 0.012471
85 100000 -1 0.0141909
86 100000 -1 0.0128131
87 100000 -1 0.0119864
88 100000 -1 0.0119809
89 100000 -1 0.0124685
90 100000 -1 0.0125024
91 100000 -1 0.0119448
92 100000 -1 0.0118708
93 100000 -1 0.0117476
94 100000 -1 0.0121797
95 100000 -1 0.0125542
96 100000 -1 0.0120979
97 100000 -1 0.0118249
98 100000 -1 0.0128816
99 100000 -1 0.0185024
0 100000 1 0.0182053
1 100000 1 0.0216973
2 100000 1 0.0182136
3 100000 1 0.0186224
4 100000 1 0.0182354
5 100000 1 0.0183598
6 100000 1 0.0196019
7 100000 1 0.0181471
8 100000 1 0.0175907
9 100000 1 0.0185968
10 100000 1 0.0189443
11 100000 1 0.0187018
12 100000 1 0.0185056
13 100000 1 0.0187012
14 100000 1 0.0190566
15 100000 1 0.0184145
16 100000 1 0.0188099
17 100000 1 0.0182981
18 100000 1 0.0183058
19 100000 1 0.0183222
20 100000 1 0.0192503
21 100000 1 0.0186559
22 100000 1 0.0183413
23 100000 1 0.0184159
24 100000 1 0.0183853
25 100000 1 0.0186435
26 100000 1 0.0182117
27 100000 1 0.0183613
28 100000 1 0.0185826
29 100000 1 0.0178249
30 100000 1 0.0187784
31 100000 1 0.0179616
32 100000 1 0.0180243
33 100000 1 0.0185027
34 100000 1 0.0188616
35 100000 1 0.018122
36 100000 1 0.0194075
37 100000 1 0.0248768
38 100000 1 0.0182949
39 100000 1 0.0185837
40 100000 1 0.0194133
41 100000 1 0.0182406
42 100000 1 0.0188095
43 100000 1 0.0179353
44 100000 1 0.0184323
45 100000 1 0.0186602
46 100000 1 0.0192922
47 100000 1 0.0188696
48 100000 1 0.0206223
49 100000 1 0.0227497
50 100000 1 0.0195985
51 100000 1 0.0187431
52 100000 1 0.0184568
53 100000 1 0.0187057
54 100000 1 0.0180932
55 100000 1 0.0187369
56 100000 1 0.01851
57 100000 1 0.0186288
58 100000 1 0.0186132
59 100000 1 0.017882
60 100000 1 0.0196183
61 100000 1 0.0186311
62 100000 1 0.0186949
63 100000 1 0.0189538
64 100000 1 0.0190479
65 100000 1 0.0184659
66 100000 1 0.0186923
67 100000 1 0.0191869
68 100000 1 0.0194093
69 100000 1 0.0190097
70 100000 1 0.0184718
71 100000 1 0.0186895
72 100000 1 0.0194392
73 100000 1 0.0187262
74 100000 1 0.019192
75 100000 1 0.0188364
76 100000 1 0.0187795
77 100000 1 0.0186515
78 100000 1 0.0195296
79 100000 1 0.0189731
80 100000 1 0.0199027
81 100000 1 0.0190341
82 100000 1 0.0183718
83 100000 1 0.0195701
84 100000 1 0.0183091
85 100000 1 0.0200726
86 100000 1 0.0181202
87 100000 1 0.0184666
88 100000 1 0.0196219
89 100000 1 0.0183289
90 100000 1 0.0186865
91 100000 1 0.0189086
92 100000 1 0.0188248
93 100000 1 0.0182274
94 100000 1 0.0188769
95 100000 1 0.0185662
96 100000 1 0.0200441
97 100000 1 0.0191391
98 100000 1 0.0178375
99 100000 1 0.0193665
0 100000 0.25 0.0188776
1 100000 0.25 0.01735
2 100000 0.25 0.0184805
3 100000 0.25 0.0182453
4 100000 0.25 0.0180685
5 100000 0.25 0.0181782
6 100000 0.25 0.0179529
7 100000 0.25 0.0176727
8 100000 0.25 0.0182169
9 100000 0.25 0.0178427
10 100000 0.25 0.0183083
11 100000 0.25 0.0173401
12 100000 0.25 0.0181166
13 100000 0.25 0.0181432
14 100000 0.25 0.018561
15 100000 0.25 0.0184791
16 100000 0.25 0.0181475
17 100000 0.25 0.0184086
18 100000 0.25 0.0190428
19 100000 0.25 0.0177009
20 100000 0.25 0.0186143
21 100000 0.25 0.0185294
22 100000 0.25 0.019005
23 100000 0.25 0.0185855
24 100000 0.25 0.0186368
25 100000 0.25 0.0186881
26 100000 0.25 0.0180775
27 100000 0.25 0.0185946
28 100000 0.25 0.0178431
29 100000 0.25 0.0205065
30 100000 0.25 0.0185797
31 100000 0.25 0.0176585
32 100000 0.25 0.0193895
33 100000 0.25 0.0180735
34 100000 0.25 0.0188277
35 100000 0.25 0.0183485
36 100000 0.25 0.0182689
37 100000 0.25 0.0194863
38 100000 0.25 0.0190781
39 100000 0.25 0.0232102
40 100000 0.25 0.0179875
41 100000 0.25 0.018188
42 100000 0.25 0.0183714
43 100000 0.25 0.0184239
44 100000 0.25 0.0190096
45 100000 0.25 0.0187752
46 100000 0.25 0.0184174
47 100000 0.25 0.0184769
48 100000 0.25 0.0182755
49 100000 0.25 0.0187747
50 100000 0.25 0.0194695
51 100000 0.25 0.0197334
52 100000 0.25 0.0192653
53 100000 0.25 0.0184338
54 100000 0.25 0.0188357
55 100000 0.25 0.0194746
56 100000 0.25 0.0178908
57 100000 0.25 0.0183266
58 100000 0.25 0.0184889
59 100000 0.25 0.0181797
60 100000 0.25 0.0187152
61 100000 0.25 0.0185294
62 100000 0.25 0.0190495
63 100000 0.25 0.018433
64 100000 0.25 0.0191445
65 100000 0.25 0.0184163
66 100000 0.25 0.017943
67 100000 0.25 0.0186457
68 100000 0.25 0.0184769
69 100000 0.25 0.0191015
70 100000 0.25 0.0174758
71 100000 0.25 0.0194636
72 100000 0.25 0.0179186
73 100000 0.25 0.0184302
74 100000 0.25 0.0186038
75 100000 0.25 0.0301153
76 100000 0.25 0.0181829
77 100000 0.25 0.0186569
78 100000 0.25 0.0187036
79 100000 0.25 0.0179288
80 100000 0.25 0.0183008
81 100000 0.25 0.0188754
82 100000 0.25 0.0184207
83 100000 0.25 0.0188119
84 100000 0.25 0.0185289
85 100000 0.25 0.0182835
86 100000 0.25 0.0198841
87 100000 0.25 0.0187343
88 100000 0.25 0.0181024
89 100000 0.25 0.0194009
90 100000 0.25 0.0178022
91 100000 0.25 0.0188663
92 100000 0.25 0.0185443
93 100000 0.25 0.0187343
94 100000 0.25 0.0181031
95 100000 0.25 0.0185826
96 100000 0.25 0.0182661
97 100000 0.25 0.018645
98 100000 0.25 0.0181932
99 100000 0.25 0.018323
0 100000 0.5 0.0499396
1 100000 0.5 0.028043
2 100000 0.5 0.0243448
3 100000 0.5 0.035021
4 100000 0.5 0.0236642
5 100000 0.5 0.0542777
6 100000 0.5 0.0352298
7 100000 0.5 0.0246256
8 100000 0.5 0.0344542
9 100000 0.5 0.0726805
10 100000 0.5 0.0305464
11 100000 0.5 0.0291541
12 100000 0.5 0.0177438
13 100000 0.5 0.0369599
14 100000 0.5 0.0722995
15 100000 0.5 0.0196222
16 100000 0.5 0.042935
17 100000 0.5 0.0228105
18 100000 0.5 0.0238929
19 100000 0.5 0.0368122
20 100000 0.5 0.0719614
21 100000 0.5 0.0485772
22 100000 0.5 0.0372571
23 100000 0.5 0.0511165
24 100000 0.5 0.029692
25 100000 0.5 0.0179279
26 100000 0.5 0.0247733
27 100000 0.5 0.0182715
28 100000 0.5 0.0259238
29 100000 0.5 0.023459
30 100000 0.5 0.0569504
31 100000 0.5 0.0456832
32 100000 0.5 0.0735361
33 100000 0.5 0.0286697
34 100000 0.5 0.0228373
35 100000 0.5 0.0191313
36 100000 0.5 0.0189104
37 100000 0.5 0.072759
38 100000 0.5 0.0726073
39 100000 0.5 0.0211765
40 100000 0.5 0.046596
41 100000 0.5 0.0603872
42 100000 0.5 0.0746236
43 100000 0.5 0.0211317
44 100000 0.5 0.0209694
45 100000 0.5 0.0452805
46 100000 0.5 0.0363797
47 100000 0.5 0.0224376
48 100000 0.5 0.0415309
49 100000 0.5 0.0414498
50 100000 0.5 0.0189629
51 100000 0.5 0.0255482
52 100000 0.5 0.0266397
53 100000 0.5 0.0384135
54 100000 0.5 0.0341173
55 100000 0.5 0.0728319
56 100000 0.5 0.0260095
57 100000 0.5 0.0266772
58 100000 0.5 0.0594514
59 100000 0.5 0.0731882
60 100000 0.5 0.0199494
61 100000 0.5 0.0236223
62 100000 0.5 0.0227055
63 100000 0.5 0.0272494
64 100000 0.5 0.0486221
65 100000 0.5 0.032459
66 100000 0.5 0.0192941
67 100000 0.5 0.0607911
68 100000 0.5 0.0744475
69 100000 0.5 0.0185789
70 100000 0.5 0.0545527
71 100000 0.5 0.0568534
72 100000 0.5 0.0575135
73 100000 0.5 0.0248772
74 100000 0.5 0.0226144
75 100000 0.5 0.0332363
76 100000 0.5 0.0239111
77 100000 0.5 0.021224
78 100000 0.5 0.0243247
79 100000 0.5 0.0236868
80 100000 0.5 0.0190834
81 100000 0.5 0.079434
82 100000 0.5 0.0246249
83 100000 0.5 0.0279171
84 100000 0.5 0.0199191
85 100000 0.5 0.0715269
86 100000 0.5 0.0187153
87 100000 0.5 0.0274969
88 100000 0.5 0.021009
89 100000 0.5 0.0196022
90 100000 0.5 0.0192795
91 100000 0.5 0.028177
92 100000 0.5 0.0207166
93 100000 0.5 0.0300194
94 100000 0.5 0.0754634
95 100000 0.5 0.035659
96 100000 0.5 0.0520901
97 100000 0.5 0.0784172
98 100000 0.5 0.0552765
99 100000 0.5 0.0179576
0 100000 0.75 0.0168432
1 100000 0.75 0.0223405
2 100000 0.75 0.0288824
3 100000 0.75 0.0182293
4 100000 0.75 0.0192987
5 100000 0.75 0.0165517
6 100000 0.75 0.016105
7 100000 0.75 0.0172887
8 100000 0.75 0.0161455
9 100000 0.75 0.0162972
10 100000 0.75 0.0168282
11 100000 0.75 0.0178131
12 100000 0.75 0.0162629
13 100000 0.75 0.0174193
14 100000 0.75 0.0174663
15 100000 0.75 0.016547
16 100000 0.75 0.0157046
17 100000 0.75 0.0167205
18 100000 0.75 0.0164602
19 100000 0.75 0.0169204
20 100000 0.75 0.0166808
21 100000 0.75 0.0170917
22 100000 0.75 0.0170317
23 100000 0.75 0.0163989
24 100000 0.75 0.0164369
25 100000 0.75 0.0170204
26 100000 0.75 0.0175419
27 100000 0.75 0.0160444
28 100000 0.75 0.015887
29 100000 0.75 0.0165863
30 100000 0.75 0.0162731
31 100000 0.75 0.0173417
32 100000 0.75 0.0158413
33 100000 0.75 0.0167888
34 100000 0.75 0.0160197
35 100000 0.75 0.0176147
36 100000 0.75 0.0167034
37 100000 0.75 0.0162287
38 100000 0.75 0.016031
39 100000 0.75 0.0162429
40 100000 0.75 0.0163078
41 100000 0.75 0.0158508
42 100000 0.75 0.0165076
43 100000 0.75 0.0168713
44 100000 0.75 0.0174795
45 100000 0.75 0.0158866
46 100000 0.75 0.0184914
47 100000 0.75 0.0169663
48 100000 0.75 0.0173463
49 100000 0.75 0.0167544
50 100000 0.75 0.0168183
51 100000 0.75 0.0173168
52 100000 0.75 0.0162261
53 100000 0.75 0.018045
54 100000 0.75 0.0159208
55 100000 0.75 0.0162746
56 100000 0.75 0.0166936
57 100000 0.75 0.0166057
58 100000 0.75 0.0192444
59 100000 0.75 0.0175627
60 100000 0.75 0.017249
61 100000 0.75 0.0169659
62 100000 0.75 0.0165255
63 100000 0.75 0.0164233
64 100000 0.75 0.0180951
65 100000 0.75 0.0160656
66 100000 0.75 0.0186209
67 100000 0.75 0.0173001
68 100000 0.75 0.0161698
69 100000 0.75 0.0163166
70 100000 0.75 0.0165069
71 100000 0.75 0.0162315
72 100000 0.75 0.0169909
73 100000 0.75 0.0164489
74 100000 0.75 0.0156109
75 100000 0.75 0.0159559
76 100000 0.75 0.016117
77 100000 0.75 0.016605
78 100000 0.75 0.0181388
79 100000 0.75 0.0163701
80 100000 0.75 0.0173814
81 100000 0.75 0.0161911
82 100000 0.75 0.0182537
83 100000 0.75 0.0180498
84 100000 0.75 0.0173437
85 100000 0.75 0.0158195
86 100000 0.75 0.0181137
87 100000 0.75 0.0170765
88 100000 0.75 0.0175951
89 100000 0.75 0.0161578
90 100000 0.75 0.0158501
91 100000 0.75 0.0166407
92 100000 0.75 0.0161058
93 100000 0.75 0.0184837
94 100000 0.75 0.0164974
95 100000 0.75 0.015612
96 100000 0.75 0.0155583
97 100000 0.75 0.0177602
98 100000 0.75 0.0165163
99 100000 0.75 0.0190453
0 100000 0.95 0.0149856
1 100000 0.95 0.0170426
2 100000 0.95 0.0169339
3 100000 0.95 0.0162104
4 100000 0.95 0.0182358
5 100000 0.95 0.0166495
6 100000 0.95 0.0153859
7 100000 0.95 0.0153465
8 100000 0.95 0.0159577
9 100000 0.95 0.0152561
10 100000 0.95 0.01612
11 100000 0.95 0.0167352
12 100000 0.95 0.0159548
13 100000 0.95 0.0158621
14 100000 0.95 0.0148917
15 100000 0.95 0.0156579
16 100000 0.95 0.0153432
17 100000 0.95 0.0152782
18 100000 0.95 0.0156783
19 100000 0.95 0.0144264
20 100000 0.95 0.0153239
21 100000 0.95 0.015295
22 100000 0.95 0.0155135
23 100000 0.95 0.0158877
24 100000 0.95 0.0147864
25 100000 0.95 0.0156112
26 100000 0.95 0.0156496
27 100000 0.95 0.0156743
28 100000 0.95 0.0173321
29 100000 0.95 0.0149066
30 100000 0.95 0.0152885
31 100000 0.95 0.0156281
32 100000 0.95 0.0153055
33 100000 0.95 0.0153147
34 100000 0.95 0.015799
35 100000 0.95 0.0156018
36 100000 0.95 0.0165065
37 100000 0.95 0.0154173
38 100000 0.95 0.0157492
39 100000 0.95 0.0157517
40 100000 0.95 0.0157224
41 100000 0.95 0.0153932
42 100000 0.95 0.0156587
43 100000 0.95 0.0161703
44 100000 0.95 0.0155488
45 100000 0.95 0.0158075
46 100000 0.95 0.0154712
47 100000 0.95 0.0153568
48 100000 0.95 0.0155226
49 100000 0.95 0.0161024
50 100000 0.95 0.0154621
51 100000 0.95 0.0146777
52 100000 0.95 0.015388
53 100000 0.95 0.0162681
54 100000 0.95 0.0155969
55 100000 0.95 0.015375
56 100000 0.95 0.0158089
57 100000 0.95 0.0160715
58 100000 0.95 0.0150795
59 100000 0.95 0.0154541
60 100000 0.95 0.0154319
61 100000 0.95 0.0169916
62 100000 0.95 0.0190814
63 100000 0.95 0.0187055
64 100000 0.95 0.0166025
65 100000 0.95 0.0163963
66 100000 0.95 0.0155281
67 100000 0.95 0.0160368
68 100000 0.95 0.0150048
69 100000 0.95 0.0156105
70 100000 0.95 0.0149085
71 100000 0.95 0.0162816
72 100000 0.95 0.0162094
73 100000 0.95 0.0154686
74 100000 0.95 0.0152702
75 100000 0.95 0.0160456
76 100000 0.95 0.0150154
77 100000 0.95 0.0158023
78 100000 0.95 0.0167559
79 100000 0.95 0.0150558
80 100000 0.95 0.0152422
81 100000 0.95 0.0152255
82 100000 0.95 0.0152947
83 100000 0.95 0.0155694
84 100000 0.95 0.0153815
85 100000 0.95 0.0176939
86 100000 0.95 0.0153342
87 100000 0.95 0.0148816
88 100000 0.95 0.0156965
89 100000 0.95 0.0150975
90 100000 0.95 0.0162085
91 100000 0.95 0.0147717
92 100000 0.95 0.0161605
93 100000 0.95 0.0150573
94 100000 0.95 0.0154322
95 100000 0.95 0.0152197
96 100000 0.95 0.0149264
97 100000 0.95 0.014643
98 100000 0.95 0.0158542
99 100000 0.95 0.018417
0 100000 0.99 0.0151185
1 100000 0.99 0.0164475
2 100000 0.99 0.0167756
3 100000 0.99 0.0150456
4 100000 0.99 0.0152371
5 100000 0.99 0.0152542
6 100000 0.99 0.0130757
7 100000 0.99 0.0146059
8 100000 0.99 0.0135789
9 100000 0.99 0.0146748
10 100000 0.99 0.0141271
11 100000 0.99 0.0137058
12 100000 0.99 0.0138582
13 100000 0.99 0.0140293
14 100000 0.99 0.0136388
15 100000 0.99 0.0143386
16 100000 0.99 0.0139462
17 100000 0.99 0.0137699
18 100000 0.99 0.0134608
19 100000 0.99 0.0144608
20 100000 0.99 0.0157323
21 100000 0.99 0.0132627
22 100000 0.99 0.0138272
23 100000 0.99 0.0138379
24 100000 0.99 0.0138149
25 100000 0.99 0.0155809
26 100000 0.99 0.0139659
27 100000 0.99 0.0140934
28 100000 0.99 0.0140271
29 100000 0.99 0.0137601
30 100000 0.99 0.0145019
31 100000 0.99 0.0148979
32 100000 0.99 0.0132043
33 100000 0.99 0.0137507
34 100000 0.99 0.015236
35 100000 0.99 0.0139575
36 100000 0.99 0.0146992
37 100000 0.99 0.0134687
38 100000 0.99 0.0136909
39 100000 0.99 0.0131603
40 100000 0.99 0.015062
41 100000 0.99 0.0137562
42 100000 0.99 0.013986
43 100000 0.99 0.0135319
44 100000 0.99 0.0142941
45 100000 0.99 0.0138265
46 100000 0.99 0.0151248
47 100000 0.99 0.0141872
48 100000 0.99 0.0139779
49 100000 0.99 0.0134983
50 100000 0.99 0.0136431
51 100000 0.99 0.0146025
52 100000 0.99 0.0141413
53 100000 0.99 0.0149271
54 100000 0.99 0.0139068
55 100000 0.99 0.0138455
56 100000 0.99 0.0151026
57 100000 0.99 0.0146112
58 100000 0.99 0.0142802
59 100000 0.99 0.0136282
60 100000 0.99 0.0144549
61 100000 0.99 0.0189355
62 100000 0.99 0.0144549
63 100000 0.99 0.0140851
64 100000 0.99 0.0135797
65 100000 0.99 0.0141883
66 100000 0.99 0.0141778
67 100000 0.99 0.0152742
68 100000 0.99 0.0147159
69 100000 0.99 0.0149742
70 100000 0.99 0.0153629
71 100000 0.99 0.013153
72 100000 0.99 0.013538
73 100000 0.99 0.0141482
74 100000 0.99 0.0132558
75 100000 0.99 0.0139071
76 100000 0.99 0.0134047
77 100000 0.99 0.0142134
78 100000 0.99 0.0134691
79 100000 0.99 0.0132883
80 100000 0.99 0.0147063
81 100000 0.99 0.0133839
82 100000 0.99 0.0143085
83 100000 0.99 0.0134054
84 100000 0.99 0.0154875
85 100000 0.99 0.0144498
86 100000 0.99 0.0140395
87 100000 0.99 0.0142098
88 100000 0.99 0.013999
89 100000 0.99 0.015333
90 100000 0.99 0.0133624
91 100000 0.99 0.0144822
92 100000 0.99 0.0137853
93 100000 0.99 0.0141533
94 100000 0.99 0.0137853
95 100000 0.99 0.0139043
96 100000 0.99 0.0149611
97 100000 0.99 0.0135855
98 100000 0.99 0.0134866
99 100000 0.99 0.0196328
0 100000 0.997 0.0138459
1 100000 0.997 0.0139509
2 100000 0.997 0.0145391
3 100000 0.997 0.0151113
4 100000 0.997 0.0141456
5 100000 0.997 0.0140125
6 100000 0.997 0.0126625
7 100000 0.997 0.0138437
8 100000 0.997 0.0138444
9 100000 0.997 0.0130273
10 100000 0.997 0.013425
11 100000 0.997 0.0125345
12 100000 0.997 0.0134414
13 100000 0.997 0.0127683
14 100000 0.997 0.013281
15 100000 0.997 0.0140373
16 100000 0.997 0.012877
17 100000 0.997 0.0135971
18 100000 0.997 0.0132999
19 100000 0.997 0.0131264
20 100000 0.997 0.0135476
21 100000 0.997 0.0128704
22 100000 0.997 0.0140148
23 100000 0.997 0.0128879
24 100000 0.997 0.0141147
25 100000 0.997 0.0130353
26 100000 0.997 0.0125331
27 100000 0.997 0.013184
28 100000 0.997 0.0133531
29 100000 0.997 0.0134561
30 100000 0.997 0.0132306
31 100000 0.997 0.0130695
32 100000 0.997 0.0132263
33 100000 0.997 0.0130695
34 100000 0.997 0.0132249
35 100000 0.997 0.0129066
36 100000 0.997 0.0133735
37 100000 0.997 0.0133032
38 100000 0.997 0.0140825
39 100000 0.997 0.0135129
40 100000 0.997 0.0131843
41 100000 0.997 0.0129276
42 100000 0.997 0.0146828
43 100000 0.997 0.0133535
44 100000 0.997 0.013335
45 100000 0.997 0.013094
46 100000 0.997 0.0136806
47 100000 0.997 0.0133926
48 100000 0.997 0.0138188
49 100000 0.997 0.0134089
50 100000 0.997 0.0131768
51 100000 0.997 0.0142168
52 100000 0.997 0.0132103
53 100000 0.997 0.0129506
54 100000 0.997 0.0128401
55 100000 0.997 0.0136724
56 100000 0.997 0.0133554
57 100000 0.997 0.0133462
58 100000 0.997 0.0130097
59 100000 0.997 0.0148589
60 100000 0.997 0.0135571
61 100000 0.997 0.0135278
62 100000 0.997 0.0128098
63 100000 0.997 0.0129116
64 100000 0.997 0.014957
65 100000 0.997 0.0127769
66 100000 0.997 0.0141978
67 100000 0.997 0.0132328
68 100000 0.997 0.0140242
69 100000 0.997 0.014352
70 100000 0.997 0.0135852
71 100000 0.997 0.0141077
72 100000 0.997 0.0140949
73 100000 0.997 0.0134844
74 100000 0.997 0.0133608
75 100000 0.997 0.0133226
76 100000 0.997 0.0130684
77 100000 0.997 0.0135432
78 100000 0.997 0.0131817
79 100000 0.997 0.0146058
80 100000 0.997 0.0129795
81 100000 0.997 0.012727
82 100000 0.997 0.0132682
83 100000 0.997 0.013025
84 100000 0.997 0.0130403
85 100000 0.997 0.0135192
86 100000 0.997 0.012983
87 100000 0.997 0.0131053
88 100000 0.997 0.0135056
89 100000 0.997 0.0129018
90 100000 0.997 0.0136366
91 100000 0.997 0.0129294
92 100000 0.997 0.0136934
93 100000 0.997 0.0131121
94 100000 0.997 0.0134195
95 100000 0.997 0.0134473
96 100000 0.997 0.0130946
97 100000 0.997 0.0128499
98 100000 0.997 0.0151248
99 100000 0.997 0.0194721
0 500000 -1 0.0640368
1 500000 -1 0.0704686
2 500000 -1 0.0713728
3 500000 -1 0.0672478
4 500000 -1 0.0643412
5 500000 -1 0.0650751
6 500000 -1 0.0653175
7 500000 -1 0.0649893
8 500000 -1 0.0629866
9 500000 -1 0.0655063
10 500000 -1 0.0634759
11 500000 -1 0.0684559
12 500000 -1 0.0640525
13 500000 -1 0.0635496
14 500000 -1 0.0642136
15 500000 -1 0.0646895
16 500000 -1 0.0670552
17 500000 -1 0.064667
18 500000 -1 0.0637205
19 500000 -1 0.064966
20 500000 -1 0.063671
21 500000 -1 0.0627476
22 500000 -1 0.0751994
23 500000 -1 0.0651647
24 500000 -1 0.0635715
25 500000 -1 0.0659097
26 500000 -1 0.0633777
27 500000 -1 0.0631332
28 500000 -1 0.0639785
29 500000 -1 0.0630168
30 500000 -1 0.064873
31 500000 -1 0.0678045
32 500000 -1 0.0674636
33 500000 -1 0.0628217
34 500000 -1 0.0644471
35 500000 -1 0.0636324
36 500000 -1 0.0636772
37 500000 -1 0.0625526
38 500000 -1 0.0636634
39 500000 -1 0.0659732
40 500000 -1 0.0629824
41 500000 -1 0.0649378
42 500000 -1 0.062093
43 500000 -1 0.0640722
44 500000 -1 0.0630506
45 500000 -1 0.063185
46 500000 -1 0.0647399
47 500000 -1 0.0677703
48 500000 -1 0.0667113
49 500000 -1 0.0621248
50 500000 -1 0.0628509
51 500000 -1 0.0755301
52 500000 -1 0.0628347
53 500000 -1 0.0613951
54 500000 -1 0.0656643
55 500000 -1 0.0652686
56 500000 -1 0.0617558
57 500000 -1 0.0641626
58 500000 -1 0.0648904
59 500000 -1 0.0612729
60 500000 -1 0.0639756
61 500000 -1 0.0631076
62 500000 -1 0.0622047
63 500000 -1 0.0677958
64 500000 -1 0.0614607
65 500000 -1 0.0622389
66 500000 -1 0.0632071
67 500000 -1 0.0638472
68 500000 -1 0.0631944
69 500000 -1 0.0664913
70 500000 -1 0.0615826
71 500000 -1 0.064792
72 500000 -1 0.0620142
73 500000 -1 0.0633668
74 500000 -1 0.0627878
75 500000 -1 0.0639341
76 500000 -1 0.0615873
77 500000 -1 0.0625643
78 500000 -1 0.0643497
79 500000 -1 0.0697763
80 500000 -1 0.0699943
81 500000 -1 0.0641958
82 500000 -1 0.0629552
83 500000 -1 0.0647062
84 500000 -1 0.0630748
85 500000 -1 0.0636593
86 500000 -1 0.0641028
87 500000 -1 0.0631353
88 500000 -1 0.0643974
89 500000 -1 0.0652767
90 500000 -1 0.063112
91 500000 -1 0.0632017
92 500000 -1 0.0623672
93 500000 -1 0.0623669
94 500000 -1 0.0669435
95 500000 -1 0.0659468
96 500000 -1 0.0632877
97 500000 -1 0.062798
98 500000 -1 0.0645709
99 500000 -1 0.0985438
0 500000 1 0.10276
1 500000 1 0.105413
2 500000 1 0.100844
3 500000 1 0.101295
4 500000 1 0.103762
5 500000 1 0.104014
6 500000 1 0.104282
7 500000 1 0.102881
8 500000 1 0.108212
9 500000 1 0.0986561
10 500000 1 0.105417
11 500000 1 0.106389
12 500000 1 0.0987842
13 500000 1 0.100557
14 500000 1 0.101344
15 500000 1 0.104766
16 500000 1 0.0997349
17 500000 1 0.100291
18 500000 1 0.0980771
19 500000 1 0.101616
20 500000 1 0.104237
21 500000 1 0.1094
22 500000 1 0.09839
23 500000 1 0.10099
24 500000 1 0.0988538
25 500000 1 0.102745
26 500000 1 0.101291
27 500000 1 0.10916
28 500000 1 0.0998855
29 500000 1 0.103205
30 500000 1 0.1008
31 500000 1 0.105828
32 500000 1 0.100931
33 500000 1 0.100596
34 500000 1 0.0982944
35 500000 1 0.102448
36 500000 1 0.101688
37 500000 1 0.0999096
38 500000 1 0.101472
39 500000 1 0.0987342
40 500000 1 0.102418
41 500000 1 0.103764
42 500000 1 0.098448
43 500000 1 0.0983841
44 500000 1 0.0985417
45 500000 1 0.112512
46 500000 1 0.0999267
47 500000 1 0.0973925
48 500000 1 0.102227
49 500000 1 0.100618
50 500000 1 0.103849
51 500000 1 0.105185
52 500000 1 0.100711
53 500000 1 0.100164
54 500000 1 0.0995321
55 500000 1 0.101611
56 500000 1 0.0989119
57 500000 1 0.103192
58 500000 1 0.100672
59 500000 1 0.101288
60 500000 1 0.102944
61 500000 1 0.104406
62 500000 1 0.1007
63 500000 1 0.102128
64 500000 1 0.113505
65 500000 1 0.101732
66 500000 1 0.104022
67 500000 1 0.101374
68 500000 1 0.0985139
69 500000 1 0.106088
70 500000 1 0.101797
71 500000 1 0.102764
72 500000 1 0.100361
73 500000 1 0.100696
74 500000 1 0.098104
75 500000 1 0.100671
76 500000 1 0.105152
77 500000 1 0.098689
78 500000 1 0.09936
79 500000 1 0.0988819
80 500000 1 0.103482
81 500000 1 0.101946
82 500000 1 0.10548
83 500000 1 0.113428
84 500000 1 0.0993571
85 500000 1 0.101757
86 500000 1 0.100864
87 500000 1 0.0980694
88 500000 1 0.102924
89 500000 1 0.0992426
90 500000 1 0.102359
91 500000 1 0.103513
92 500000 1 0.103776
93 500000 1 0.101144
94 500000 1 0.101237
95 500000 1 0.101451
96 500000 1 0.100517
97 500000 1 0.101997
98 500000 1 0.102579
99 500000 1 0.101383
0 500000 0.25 0.0964225
1 500000 0.25 0.103071
2 500000 0.25 0.0988925
3 500000 0.25 0.101452
4 500000 0.25 0.10159
5 500000 0.25 0.098297
6 500000 0.25 0.101674
7 500000 0.25 0.101057
8 500000 0.25 0.0971369
9 500000 0.25 0.0963223
10 500000 0.25 0.103207
11 500000 0.25 0.102888
12 500000 0.25 0.097894
13 500000 0.25 0.0953858
14 500000 0.25 0.100242
15 500000 0.25 0.101342
16 500000 0.25 0.103461
17 500000 0.25 0.0948841
18 500000 0.25 0.0959135
19 500000 0.25 0.0967683
20 500000 0.25 0.0959135
21 500000 0.25 0.102021
22 500000 0.25 0.099586
23 500000 0.25 0.0963623
24 500000 0.25 0.102698
25 500000 0.25 0.0972985
26 500000 0.25 0.101501
27 500000 0.25 0.0993953
28 500000 0.25 0.0983473
29 500000 0.25 0.102276
30 500000 0.25 0.0959347
31 500000 0.25 0.0989461
32 500000 0.25 0.106832
33 500000 0.25 0.100984
34 500000 0.25 0.0965065
35 500000 0.25 0.101023
36 500000 0.25 0.1013
37 500000 0.25 0.098018
38 500000 0.25 0.0968484
39 500000 0.25 0.0986795
40 500000 0.25 0.0987984
41 500000 0.25 0.0966399
42 500000 0.25 0.0999432
43 500000 0.25 0.108173
44 500000 0.25 0.0984187
45 500000 0.25 0.101161
46 500000 0.25 0.0986952
47 500000 0.25 0.0995945
48 500000 0.25 0.0987317
49 500000 0.25 0.0977829
50 500000 0.25 0.0970473
51 500000 0.25 0.0994099
52 500000 0.25 0.0974305
53 500000 0.25 0.103433
54 500000 0.25 0.0936047
55 500000 0.25 0.0989676
56 500000 0.25 0.100373
57 500000 0.25 0.0992787
58 500000 0.25 0.09896
59 500000 0.25 0.0998978
60 500000 0.25 0.0975779
61 500000 0.25 0.0998377
62 500000 0.25 0.112614
63 500000 0.25 0.102685
64 500000 0.25 0.102334
65 500000 0.25 0.0956667
66 500000 0.25 0.0979567
67 500000 0.25 0.0972587
68 500000 0.25 0.10299
69 500000 0.25 0.0960848
70 500000 0.25 0.0975767
71 500000 0.25 0.0971985
72 500000 0.25 0.0985369
73 500000 0.25 0.107016
74 500000 0.25 0.101886
75 500000 0.25 0.0979115
76 500000 0.25 0.0997619
77 500000 0.25 0.0970301
78 500000 0.25 0.0979725
79 500000 0.25 0.0963095
80 500000 0.25 0.0986926
81 500000 0.25 0.112449
82 500000 0.25 0.0989217
83 500000 0.25 0.104659
84 500000 0.25 0.101684
85 500000 0.25 0.0997787
86 500000 0.25 0.0992614
87 500000 0.25 0.0985851
88 500000 0.25 0.100462
89 500000 0.25 0.0968897
90 500000 0.25 0.0993542
91 500000 0.25 0.0981175
92 500000 0.25 0.0991936
93 500000 0.25 0.101126
94 500000 0.25 0.102113
95 500000 0.25 0.0988565
96 500000 0.25 0.100047
97 500000 0.25 0.100053
98 500000 0.25 0.0970454
99 500000 0.25 0.0988911
0 500000 0.5 0.196695
1 500000 0.5 0.293746
2 500000 0.5 0.0994654
3 500000 0.5 0.130621
4 500000 0.5 0.34557
5 500000 0.5 0.0982429
6 500000 0.5 0.205733
7 500000 0.5 0.444674
8 500000 0.5 0.10179
9 500000 0.5 0.374074
10 500000 0.5 0.372193
11 500000 0.5 0.244435
12 500000 0.5 0.0987656
13 500000 0.5 0.108455
14 500000 0.5 0.143945
15 500000 0.5 0.33817
16 500000 0.5 0.107854
17 500000 0.5 0.0994056
18 500000 0.5 0.102303
19 500000 0.5 0.111877
20 500000 0.5 0.34943
21 500000 0.5 0.244052
22 500000 0.5 0.222255
23 500000 0.5 0.150558
24 500000 0.5 0.11204
25 500000 0.5 0.101302
26 500000 0.5 0.137664
27 500000 0.5 0.128654
28 500000 0.5 0.209097
29 500000 0.5 0.0985464
30 500000 0.5 0.26705
31 500000 0.5 0.432327
32 500000 0.5 0.208224
33 500000 0.5 0.270869
34 500000 0.5 0.305433
35 500000 0.5 0.213178
36 500000 0.5 0.269626
37 500000 0.5 0.152118
38 500000 0.5 0.213918
39 500000 0.5 0.245038
40 500000 0.5 0.121551
41 500000 0.5 0.206474
42 500000 0.5 0.12256
43 500000 0.5 0.0997429
44 500000 0.5 0.179978
45 500000 0.5 0.350176
46 500000 0.5 0.40133
47 500000 0.5 0.40074
48 500000 0.5 0.124694
49 500000 0.5 0.131968
50 500000 0.5 0.256912
51 500000 0.5 0.19666
52 500000 0.5 0.183468
53 500000 0.5 0.418872
54 500000 0.5 0.346324
55 500000 0.5 0.432781
56 500000 0.5 0.107222
57 500000 0.5 0.253024
58 500000 0.5 0.330514
59 500000 0.5 0.42373
60 500000 0.5 0.215739
61 500000 0.5 0.136831
62 500000 0.5 0.447205
63 500000 0.5 0.236432
64 500000 0.5 0.132302
65 500000 0.5 0.265327
66 500000 0.5 0.128163
67 500000 0.5 0.10106
68 500000 0.5 0.100505
69 500000 0.5 0.261205
70 500000 0.5 0.098961
71 500000 0.5 0.103552
72 500000 0.5 0.101706
73 500000 0.5 0.446408
74 500000 0.5 0.385155
75 500000 0.5 0.259059
76 500000 0.5 0.203909
77 500000 0.5 0.131475
78 500000 0.5 0.102734
79 500000 0.5 0.0994511
80 500000 0.5 0.180179
81 500000 0.5 0.107506
82 500000 0.5 0.124436
83 500000 0.5 0.266598
84 500000 0.5 0.13872
85 500000 0.5 0.183125
86 500000 0.5 0.0970968
87 500000 0.5 0.0980647
88 500000 0.5 0.101305
89 500000 0.5 0.213714
90 500000 0.5 0.101024
91 500000 0.5 0.277201
92 500000 0.5 0.127353
93 500000 0.5 0.293887
94 500000 0.5 0.161698
95 500000 0.5 0.126112
96 500000 0.5 0.103904
97 500000 0.5 0.438816
98 500000 0.5 0.34836
99 500000 0.5 0.101764
0 500000 0.75 0.091541
1 500000 0.75 0.0963202
2 500000 0.75 0.0867067
3 500000 0.75 0.0884989
4 500000 0.75 0.0847764
5 500000 0.75 0.0975537
6 500000 0.75 0.0857351
7 500000 0.75 0.0934738
8 500000 0.75 0.0852836
9 500000 0.75 0.0902921
10 500000 0.75 0.087572
11 500000 0.75 0.0897675
12 500000 0.75 0.0964502
13 500000 0.75 0.0879437
14 500000 0.75 0.0877689
15 500000 0.75 0.0884574
16 500000 0.75 0.0903665
17 500000 0.75 0.0873017
18 500000 0.75 0.0884307
19 500000 0.75 0.0861599
20 500000 0.75 0.0883064
21 500000 0.75 0.0867781
22 500000 0.75 0.0898928
23 500000 0.75 0.0898549
24 500000 0.75 0.0945977
25 500000 0.75 0.0828411
26 500000 0.75 0.105324
27 500000 0.75 0.0888177
28 500000 0.75 0.0921158
29 500000 0.75 0.0874195
30 500000 0.75 0.0863864
31 500000 0.75 0.0907608
32 500000 0.75 0.0897684
33 500000 0.75 0.0872649
34 500000 0.75 0.0871523
35 500000 0.75 0.0950816
36 500000 0.75 0.0905196
37 500000 0.75 0.0874787
38 500000 0.75 0.0866923
39 500000 0.75 0.0934209
40 500000 0.75 0.0872034
41 500000 0.75 0.0891112
42 500000 0.75 0.0877601
43 500000 0.75 0.0858278
44 500000 0.75 0.0854416
45 500000 0.75 0.0890948
46 500000 0.75 0.0906167
47 500000 0.75 0.0940357
48 500000 0.75 0.0870965
49 500000 0.75 0.0851498
50 500000 0.75 0.0871613
51 500000 0.75 0.0869107
52 500000 0.75 0.0872811
53 500000 0.75 0.0889496
54 500000 0.75 0.0885158
55 500000 0.75 0.0840262
56 500000 0.75 0.0901703
57 500000 0.75 0.0883476
58 500000 0.75 0.0933126
59 500000 0.75 0.0862529
60 500000 0.75 0.088837
61 500000 0.75 0.0879275
62 500000 0.75 0.0889278
63 500000 0.75 0.0881437
64 500000 0.75 0.0902691
65 500000 0.75 0.0878834
66 500000 0.75 0.0874207
67 500000 0.75 0.089156
68 500000 0.75 0.0892353
69 500000 0.75 0.109375
70 500000 0.75 0.0898165
71 500000 0.75 0.0866294
72 500000 0.75 0.0905036
73 500000 0.75 0.0871712
74 500000 0.75 0.0864407
75 500000 0.75 0.0920232
76 500000 0.75 0.0854445
77 500000 0.75 0.0838002
78 500000 0.75 0.0880285
79 500000 0.75 0.0871763
80 500000 0.75 0.0881693
81 500000 0.75 0.0911125
82 500000 0.75 0.086739
83 500000 0.75 0.0886581
84 500000 0.75 0.0862785
85 500000 0.75 0.0901855
86 500000 0.75 0.0876992
87 500000 0.75 0.0875435
88 500000 0.75 0.0883393
89 500000 0.75 0.0892495
90 500000 0.75 0.0982802
91 500000 0.75 0.0892253
92 500000 0.75 0.0921012
93 500000 0.75 0.088818
94 500000 0.75 0.0870592
95 500000 0.75 0.0888966
96 500000 0.75 0.0900288
97 500000 0.75 0.0858106
98 500000 0.75 0.0892134
99 500000 0.75 0.100617
0 500000 0.95 0.082185
1 500000 0.95 0.0885475
2 500000 0.95 0.083142
3 500000 0.95 0.083961
4 500000 0.95 0.082457
5 500000 0.95 0.0831796
6 500000 0.95 0.0841653
7 500000 0.95 0.0804939
8 500000 0.95 0.0820315
9 500000 0.95 0.0822536
10 500000 0.95 0.0825321
11 500000 0.95 0.0963292
12 500000 0.95 0.0809164
13 500000 0.95 0.0905273
14 500000 0.95 0.081106
15 500000 0.95 0.0814345
16 500000 0.95 0.082995
17 500000 0.95 0.0825978
18 500000 0.95 0.0837469
19 500000 0.95 0.081684
20 500000 0.95 0.0818451
21 500000 0.95 0.0819341
22 500000 0.95 0.0814498
23 500000 0.95 0.0845609
24 500000 0.95 0.0930194
25 500000 0.95 0.087099
26 500000 0.95 0.0812127
27 500000 0.95 0.0825297
28 500000 0.95 0.0835391
29 500000 0.95 0.0837188
30 500000 0.95 0.0808489
31 500000 0.95 0.0819078
32 500000 0.95 0.0814743
33 500000 0.95 0.0922139
34 500000 0.95 0.0891631
35 500000 0.95 0.0822849
36 500000 0.95 0.0838382
37 500000 0.95 0.0862202
38 500000 0.95 0.0828972
39 500000 0.95 0.0827252
40 500000 0.95 0.0842338
41 500000 0.95 0.0839096
42 500000 0.95 0.0836914
43 500000 0.95 0.0817475
44 500000 0.95 0.0825223
45 500000 0.95 0.083297
46 500000 0.95 0.0839242
47 500000 0.95 0.0828006
48 500000 0.95 0.0823163
49 500000 0.95 0.0828578
50 500000 0.95 0.0848519
51 500000 0.95 0.0808952
52 500000 0.95 0.0813927
53 500000 0.95 0.0824712
54 500000 0.95 0.0825388
55 500000 0.95 0.0803504
56 500000 0.95 0.0978436
57 500000 0.95 0.0864327
58 500000 0.95 0.0827426
59 500000 0.95 0.0798161
60 500000 0.95 0.0849463
61 500000 0.95 0.085551
62 500000 0.95 0.0876927
63 500000 0.95 0.0842397
64 500000 0.95 0.0800076
65 500000 0.95 0.0821876
66 500000 0.95 0.0800076
67 500000 0.95 0.078467
68 500000 0.95 0.0825487
69 500000 0.95 0.0828583
70 500000 0.95 0.0857
71 500000 0.95 0.0812161
72 500000 0.95 0.0858977
73 500000 0.95 0.0823568
74 500000 0.95 0.0934133
75 500000 0.95 0.0824108
76 500000 0.95 0.0812649
77 500000 0.95 0.0805885
78 500000 0.95 0.0818491
79 500000 0.95 0.0971471
80 500000 0.95 0.0843425
81 500000 0.95 0.0838101
82 500000 0.95 0.0818164
83 500000 0.95 0.084807
84 500000 0.95 0.0836613
85 500000 0.95 0.0819613
86 500000 0.95 0.0860787
87 500000 0.95 0.0818196
88 500000 0.95 0.0826354
89 500000 0.95 0.082961
90 500000 0.95 0.0820719
91 500000 0.95 0.0834482
92 500000 0.95 0.0838698
93 500000 0.95 0.0834782
94 500000 0.95 0.0825865
95 500000 0.95 0.0823692
96 500000 0.95 0.0813706
97 500000 0.95 0.0840569
98 500000 0.95 0.0838676
99 500000 0.95 0.106517
0 500000 0.99 0.0718693
1 500000 0.99 0.0805207
2 500000 0.99 0.0729457
3 500000 0.99 0.074765
4 500000 0.99 0.0755535
5 500000 0.99 0.0775912
6 500000 0.99 0.0769921
7 500000 0.99 0.0752106
8 500000 0.99 0.0757833
9 500000 0.99 0.0786273
10 500000 0.99 0.0728979
11 500000 0.99 0.0749777
12 500000 0.99 0.0729566
13 500000 0.99 0.0770905
14 500000 0.99 0.0765385
15 500000 0.99 0.0761417
16 500000 0.99 0.0809569
17 500000 0.99 0.0827036
18 500000 0.99 0.0816799
19 500000 0.99 0.0788252
20 500000 0.99 0.0811206
21 500000 0.99 0.076525
22 500000 0.99 0.0777051
23 500000 0.99 0.0794231
24 500000 0.99 0.0760209
25 500000 0.99 0.0821062
26 500000 0.99 0.0767919
27 500000 0.99 0.0832866
28 500000 0.99 0.0722514
29 500000 0.99 0.0739799
30 500000 0.99 0.0761479
31 500000 0.99 0.0761479
32 500000 0.99 0.076749
33 500000 0.99 0.0769586
34 500000 0.99 0.0722371
35 500000 0.99 0.0714906
36 500000 0.99 0.0738052
37 500000 0.99 0.073903
38 500000 0.99 0.0753959
39 500000 0.99 0.0739861
40 500000 0.99 0.0777404
41 500000 0.99 0.0764681
42 500000 0.99 0.0740422
43 500000 0.99 0.0856564
44 500000 0.99 0.0732113
45 500000 0.99 0.0706354
46 500000 0.99 0.0768528
47 500000 0.99 0.0754146
48 500000 0.99 0.0737765
49 500000 0.99 0.0736167
50 500000 0.99 0.0746313
51 500000 0.99 0.0736844
52 500000 0.99 0.0726416
53 500000 0.99 0.0757715
54 500000 0.99 0.0797235
55 500000 0.99 0.0737528
56 500000 0.99 0.0742639
57 500000 0.99 0.0742352
58 500000 0.99 0.0762997
59 500000 0.99 0.0721971
60 500000 0.99 0.0737436
61 500000 0.99 0.0747052
62 500000 0.99 0.0751269
63 500000 0.99 0.0727105
64 500000 0.99 0.0724359
65 500000 0.99 0.0727495
66 500000 0.99 0.0727502
67 500000 0.99 0.0743698
68 500000 0.99 0.0870767
69 500000 0.99 0.0737076
70 500000 0.99 0.0735864
71 500000 0.99 0.0750171
72 500000 0.99 0.0740018
73 500000 0.99 0.0751432
74 500000 0.99 0.0760637
75 500000 0.99 0.0734554
76 500000 0.99 0.0741064
77 500000 0.99 0.0734975
78 500000 0.99 0.0731393
79 500000 0.99 0.0729096
80 500000 0.99 0.0736386
81 500000 0.99 0.0783302
82 500000 0.99 0.0747082
83 500000 0.99 0.0732014
84 500000 0.99 0.0743332
85 500000 0.99 0.0745083
86 500000 0.99 0.0738549
87 500000 0.99 0.0742735
88 500000 0.99 0.0752993
89 500000 0.99 0.0731653
90 500000 0.99 0.075004
91 500000 0.99 0.0730656
92 500000 0.99 0.0744858
93 500000 0.99 0.0736958
94 500000 0.99 0.0830876
95 500000 0.99 0.0783928
96 500000 0.99 0.077385
97 500000 0.99 0.0728644
98 500000 0.99 0.0736875
99 500000 0.99 0.0986514
0 500000 0.997 0.0707664
1 500000 0.997 0.0763043
2 500000 0.997 0.0718058
3 500000 0.997 0.0703744
4 500000 0.997 0.070896
5 500000 0.997 0.0717507
6 500000 0.997 0.0712325
7 500000 0.997 0.0713215
8 500000 0.997 0.0725355
9 500000 0.997 0.0713309
10 500000 0.997 0.0789416
11 500000 0.997 0.070569
12 500000 0.997 0.0707551
13 500000 0.997 0.070431
14 500000 0.997 0.0729158
15 500000 0.997 0.0765479
16 500000 0.997 0.0698599
17 500000 0.997 0.0708627
18 500000 0.997 0.0713791
19 500000 0.997 0.0722398
20 500000 0.997 0.0736816
21 500000 0.997 0.072666
22 500000 0.997 0.0701327
23 500000 0.997 0.0695554
24 500000 0.997 0.0704958
25 500000 0.997 0.0692997
26 500000 0.997 0.0708044
27 500000 0.997 0.0694503
28 500000 0.997 0.0714878
29 500000 0.997 0.0768903
30 500000 0.997 0.070636
31 500000 0.997 0.0713609
32 500000 0.997 0.0751604
33 500000 0.997 0.0704663
34 500000 0.997 0.0712708
35 500000 0.997 0.0714137
36 500000 0.997 0.0841451
37 500000 0.997 0.0715012
38 500000 0.997 0.0719911
39 500000 0.997 0.0707328
40 500000 0.997 0.0707628
41 500000 0.997 0.0703298
42 500000 0.997 0.0715848
43 500000 0.997 0.0771205
44 500000 0.997 0.0708255
45 500000 0.997 0.0702981
46 500000 0.997 0.0743913
47 500000 0.997 0.070894
48 500000 0.997 0.0697595
49 500000 0.997 0.071199
50 500000 0.997 0.0721208
51 500000 0.997 0.0704462
52 500000 0.997 0.0704828
53 500000 0.997 0.0702398
54 500000 0.997 0.069951
55 500000 0.997 0.0716822
56 500000 0.997 0.0713474
57 500000 0.997 0.0761479
58 500000 0.997 0.070632
59 500000 0.997 0.0755739
60 500000 0.997 0.0711391
61 500000 0.997 0.0698852
62 500000 0.997 0.0818809
63 500000 0.997 0.0713981
64 500000 0.997 0.0719845
65 500000 0.997 0.0710841
66 500000 0.997 0.0715024
67 500000 0.997 0.0700418
68 500000 0.997 0.0713678
69 500000 0.997 0.0718688
70 500000 0.997 0.0730485
71 500000 0.997 0.0753034
72 500000 0.997 0.0718801
73 500000 0.997 0.071936
74 500000 0.997 0.0693837
75 500000 0.997 0.0704671
76 500000 0.997 0.0691363
77 500000 0.997 0.0706275
78 500000 0.997 0.0716034
79 500000 0.997 0.0693613
80 500000 0.997 0.0691564
81 500000 0.997 0.0688785
82 500000 0.997 0.0703015
83 500000 0.997 0.0708641
84 500000 0.997 0.0715417
85 500000 0.997 0.0733238
86 500000 0.997 0.0727586
87 500000 0.997 0.069435
88 500000 0.997 0.0828389
89 500000 0.997 0.0704134
90 500000 0.997 0.0703941
91 500000 0.997 0.0738814
92 500000 0.997 0.0707577
93 500000 0.997 0.0702926
94 500000 0.997 0.0696371
95 500000 0.997 0.0707908
96 500000 0.997 0.0705129
97 500000 0.997 0.0702828
98 500000 0.997 0.0707427
99 500000 0.997 0.106865
0 1000000 -1 0.158257
1 1000000 -1 0.157964
2 1000000 -1 0.156038
3 1000000 -1 0.154626
4 1000000 -1 0.155635
5 1000000 -1 0.15635
6 1000000 -1 0.158993
7 1000000 -1 0.155635
8 1000000 -1 0.157092
9 1000000 -1 0.15434
10 1000000 -1 0.154031
11 1000000 -1 0.163112
12 1000000 -1 0.157955
13 1000000 -1 0.155123
14 1000000 -1 0.16048
15 1000000 -1 0.155289
16 1000000 -1 0.157204
17 1000000 -1 0.155093
18 1000000 -1 0.157409
19 1000000 -1 0.155409
20 1000000 -1 0.159728
21 1000000 -1 0.157142
22 1000000 -1 0.155396
23 1000000 -1 0.164371
24 1000000 -1 0.1582
25 1000000 -1 0.155411
26 1000000 -1 0.154757
27 1000000 -1 0.165824
28 1000000 -1 0.154717
29 1000000 -1 0.154691
30 1000000 -1 0.156157
31 1000000 -1 0.155325
32 1000000 -1 0.153521
33 1000000 -1 0.154173
34 1000000 -1 0.160372
35 1000000 -1 0.155325
36 1000000 -1 0.1646
37 1000000 -1 0.165724
38 1000000 -1 0.156241
39 1000000 -1 0.155097
40 1000000 -1 0.170164
41 1000000 -1 0.153135
42 1000000 -1 0.155439
43 1000000 -1 0.15447
44 1000000 -1 0.153168
45 1000000 -1 0.154238
46 1000000 -1 0.155681
47 1000000 -1 0.157798
48 1000000 -1 0.152845
49 1000000 -1 0.1589
50 1000000 -1 0.154992
51 1000000 -1 0.156038
52 1000000 -1 0.155271
53 1000000 -1 0.160389
54 1000000 -1 0.157208
55 1000000 -1 0.15696
56 1000000 -1 0.158788
57 1000000 -1 0.156656
58 1000000 -1 0.153913
59 1000000 -1 0.1543
60 1000000 -1 0.166982
61 1000000 -1 0.15725
62 1000000 -1 0.155433
63 1000000 -1 0.155355
64 1000000 -1 0.154731
65 1000000 -1 0.153813
66 1000000 -1 0.157247
67 1000000 -1 0.158563
68 1000000 -1 0.154642
69 1000000 -1 0.154306
70 1000000 -1 0.156423
71 1000000 -1 0.156678
72 1000000 -1 0.161011
73 1000000 -1 0.163019
74 1000000 -1 0.156191
75 1000000 -1 0.155173
76 1000000 -1 0.153179
77 1000000 -1 0.154333
78 1000000 -1 0.1545
79 1000000 -1 0.157965
80 1000000 -1 0.159974
81 1000000 -1 0.153311
82 1000000 -1 0.154451
83 1000000 -1 0.156384
84 1000000 -1 0.160353
85 1000000 -1 0.157064
86 1000000 -1 0.159039
87 1000000 -1 0.154527
88 1000000 -1 0.154487
89 1000000 -1 0.154009
90 1000000 -1 0.151937
91 1000000 -1 0.154093
92 1000000 -1 0.153998
93 1000000 -1 0.161887
94 1000000 -1 0.150897
95 1000000 -1 0.151813
96 1000000 -1 0.149438
97 1000000 -1 0.15306
98 1000000 -1 0.154496
99 1000000 -1 0.233509
0 1000000 1 0.239879
1 1000000 1 0.236842
2 1000000 1 0.232747
3 1000000 1 0.234522
4 1000000 1 0.237527
5 1000000 1 0.236356
6 1000000 1 0.236329
7 1000000 1 0.232534
8 1000000 1 0.24418
9 1000000 1 0.234151
10 1000000 1 0.233139
11 1000000 1 0.229999
12 1000000 1 0.233797
13 1000000 1 0.233815
14 1000000 1 0.232504
15 1000000 1 0.231208
16 1000000 1 0.243957
17 1000000 1 0.233333
18 1000000 1 0.24533
19 1000000 1 0.230995
20 1000000 1 0.229811
21 1000000 1 0.234149
22 1000000 1 0.231466
23 1000000 1 0.231905
24 1000000 1 0.231507
25 1000000 1 0.242135
26 1000000 1 0.229904
27 1000000 1 0.245305
28 1000000 1 0.228629
29 1000000 1 0.234007
30 1000000 1 0.229004
31 1000000 1 0.229603
32 1000000 1 0.232524
33 1000000 1 0.233639
34 1000000 1 0.231942
35 1000000 1 0.230883
36 1000000 1 0.24185
37 1000000 1 0.227412
38 1000000 1 0.231104
39 1000000 1 0.233514
40 1000000 1 0.2311
41 1000000 1 0.247364
42 1000000 1 0.234811
43 1000000 1 0.231659
44 1000000 1 0.232868
45 1000000 1 0.234304
46 1000000 1 0.230418
47 1000000 1 0.224706
48 1000000 1 0.232621
49 1000000 1 0.229707
50 1000000 1 0.2492
51 1000000 1 0.226508
52 1000000 1 0.2321
53 1000000 1 0.229789
54 1000000 1 0.239273
55 1000000 1 0.231544
56 1000000 1 0.230328
57 1000000 1 0.233288
58 1000000 1 0.238502
59 1000000 1 0.235909
60 1000000 1 0.230076
61 1000000 1 0.236044
62 1000000 1 0.227286
63 1000000 1 0.234233
64 1000000 1 0.230889
65 1000000 1 0.238678
66 1000000 1 0.245146
67 1000000 1 0.235625
68 1000000 1 0.230078
69 1000000 1 0.230247
70 1000000 1 0.227394
71 1000000 1 0.232637
72 1000000 1 0.234866
73 1000000 1 0.23134
74 1000000 1 0.229139
75 1000000 1 0.228545
76 1000000 1 0.234119
77 1000000 1 0.232765
78 1000000 1 0.22932
79 1000000 1 0.236349
80 1000000 1 0.225153
81 1000000 1 0.236433
82 1000000 1 0.234439
83 1000000 1 0.242038
84 1000000 1 0.230896
85 1000000 1 0.230894
86 1000000 1 0.236126
87 1000000 1 0.226578
88 1000000 1 0.231206
89 1000000 1 0.230808
90 1000000 1 0.24082
91 1000000 1 0.232525
92 1000000 1 0.23651
93 1000000 1 0.226739
94 1000000 1 0.234594
95 1000000 1 0.241853
96 1000000 1 0.232509
97 1000000 1 0.236924
98 1000000 1 0.235607
99 1000000 1 0.244827
0 1000000 0.25 0.220596
1 1000000 0.25 0.243833
2 1000000 0.25 0.225247
3 1000000 0.25 0.229679
4 1000000 0.25 0.221596
5 1000000 0.25 0.231523
6 1000000 0.25 0.22777
7 1000000 0.25 0.225635
8 1000000 0.25 0.228471
9 1000000 0.25 0.233217
10 1000000 0.25 0.241359
11 1000000 0.25 0.231484
12 1000000 0.25 0.22174
13 1000000 0.25 0.222107
14 1000000 0.25 0.228039
15 1000000 0.25 0.225346
16 1000000 0.25 0.229565
17 1000000 0.25 0.231076
18 1000000 0.25 0.240093
19 1000000 0.25 0.240358
20 1000000 0.25 0.228122
21 1000000 0.25 0.226578
22 1000000 0.25 0.23141
23 1000000 0.25 0.232039
24 1000000 0.25 0.234716
25 1000000 0.25 0.229839
26 1000000 0.25 0.230263
27 1000000 0.25 0.247033
28 1000000 0.25 0.231832
29 1000000 0.25 0.251726
30 1000000 0.25 0.234155
31 1000000 0.25 0.229572
32 1000000 0.25 0.233963
33 1000000 0.25 0.236597
34 1000000 0.25 0.2219
35 1000000 0.25 0.239194
36 1000000 0.25 0.22451
37 1000000 0.25 0.233604
38 1000000 0.25 0.224162
39 1000000 0.25 0.220563
40 1000000 0.25 0.22386
41 1000000 0.25 0.231706
42 1000000 0.25 0.229385
43 1000000 0.25 0.234751
44 1000000 0.25 0.229224
45 1000000 0.25 0.228596
46 1000000 0.25 0.231259
47 1000000 0.25 0.219342
48 1000000 0.25 0.221528
49 1000000 0.25 0.222971
50 1000000 0.25 0.226885
51 1000000 0.25 0.228881
52 1000000 0.25 0.22842
53 1000000 0.25 0.223657
54 1000000 0.25 0.231328
55 1000000 0.25 0.22989
56 1000000 0.25 0.225364
57 1000000 0.25 0.22725
58 1000000 0.25 0.22446
59 1000000 0.25 0.223843
60 1000000 0.25 0.237849
61 1000000 0.25 0.224697
62 1000000 0.25 0.232411
63 1000000 0.25 0.223578
64 1000000 0.25 0.231416
65 1000000 0.25 0.232455
66 1000000 0.25 0.223472
67 1000000 0.25 0.224293
68 1000000 0.25 0.220169
69 1000000 0.25 0.234911
70 1000000 0.25 0.228467
71 1000000 0.25 0.226652
72 1000000 0.25 0.218422
73 1000000 0.25 0.220041
74 1000000 0.25 0.229913
75 1000000 0.25 0.222687
76 1000000 0.25 0.225209
77 1000000 0.25 0.229768
78 1000000 0.25 0.231738
79 1000000 0.25 0.226454
80 1000000 0.25 0.22441
81 1000000 0.25 0.218855
82 1000000 0.25 0.228033
83 1000000 0.25 0.234553
84 1000000 0.25 0.224733
85 1000000 0.25 0.226329
86 1000000 0.25 0.233334
87 1000000 0.25 0.23383
88 1000000 0.25 0.234776
89 1000000 0.25 0.226126
90 1000000 0.25 0.223136
91 1000000 0.25 0.225243
92 1000000 0.25 0.230308
93 1000000 0.25 0.223926
94 1000000 0.25 0.23147
95 1000000 0.25 0.227402
96 1000000 0.25 0.227543
97 1000000 0.25 0.232762
98 1000000 0.25 0.223944
99 1000000 0.25 0.228427
0 1000000 0.5 0.928322
1 1000000 0.5 0.922974
2 1000000 0.5 0.243827
3 1000000 0.5 0.404395
4 1000000 0.5 0.683566
5 1000000 0.5 0.218752
6 1000000 0.5 0.276535
7 1000000 0.5 0.511478
8 1000000 0.5 0.502656
9 1000000 0.5 0.315058
10 1000000 0.5 0.29304
11 1000000 0.5 0.224121
12 1000000 0.5 0.224286
13 1000000 0.5 0.393316
14 1000000 0.5 0.27309
15 1000000 0.5 0.242414
16 1000000 0.5 0.236785
17 1000000 0.5 0.242031
18 1000000 0.5 0.320952
19 1000000 0.5 0.537946
20 1000000 0.5 0.304389
21 1000000 0.5 0.409552
22 1000000 0.5 0.21852
23 1000000 0.5 0.948671
24 1000000 0.5 0.254559
25 1000000 0.5 0.371622
26 1000000 0.5 0.285064
27 1000000 0.5 0.396508
28 1000000 0.5 0.224248
29 1000000 0.5 0.596808
30 1000000 0.5 0.406098
31 1000000 0.5 0.953954
32 1000000 0.5 0.939943
33 1000000 0.5 0.427722
34 1000000 0.5 0.936387
35 1000000 0.5 0.226868
36 1000000 0.5 0.537892
37 1000000 0.5 0.414558
38 1000000 0.5 0.943349
39 1000000 0.5 0.229652
40 1000000 0.5 0.25478
41 1000000 0.5 0.291378
42 1000000 0.5 0.815333
43 1000000 0.5 0.244572
44 1000000 0.5 0.941937
45 1000000 0.5 0.342376
46 1000000 0.5 0.378003
47 1000000 0.5 0.426016
48 1000000 0.5 0.282793
49 1000000 0.5 0.536274
50 1000000 0.5 0.355712
51 1000000 0.5 0.336646
52 1000000 0.5 0.429515
53 1000000 0.5 0.552616
54 1000000 0.5 0.231615
55 1000000 0.5 0.224188
56 1000000 0.5 0.332077
57 1000000 0.5 0.692918
58 1000000 0.5 0.221361
59 1000000 0.5 0.954422
60 1000000 0.5 0.613233
61 1000000 0.5 0.704298
62 1000000 0.5 0.316733
63 1000000 0.5 0.926604
64 1000000 0.5 0.250918
65 1000000 0.5 0.671541
66 1000000 0.5 0.67642
67 1000000 0.5 0.423915
68 1000000 0.5 0.377837
69 1000000 0.5 0.296248
70 1000000 0.5 0.413674
71 1000000 0.5 0.224136
72 1000000 0.5 0.668028
73 1000000 0.5 0.643536
74 1000000 0.5 0.732355
75 1000000 0.5 0.335629
76 1000000 0.5 0.938327
77 1000000 0.5 0.499366
78 1000000 0.5 0.854562
79 1000000 0.5 0.288625
80 1000000 0.5 0.224766
81 1000000 0.5 0.887972
82 1000000 0.5 0.676962
83 1000000 0.5 0.642225
84 1000000 0.5 0.813516
85 1000000 0.5 0.684977
86 1000000 0.5 0.247824
87 1000000 0.5 0.847376
88 1000000 0.5 0.302086
89 1000000 0.5 0.944306
90 1000000 0.5 0.49137
91 1000000 0.5 0.240263
92 1000000 0.5 0.763504
93 1000000 0.5 0.26676
94 1000000 0.5 0.75219
95 1000000 0.5 0.937115
96 1000000 0.5 0.504428
97 1000000 0.5 0.359653
98 1000000 0.5 0.23325
99 1000000 0.5 0.232247
0 1000000 0.75 0.208292
1 1000000 0.75 0.210269
2 1000000 0.75 0.203734
3 1000000 0.75 0.203117
4 1000000 0.75 0.197259
5 1000000 0.75 0.202768
6 1000000 0.75 0.205611
7 1000000 0.75 0.208198
8 1000000 0.75 0.200664
9 1000000 0.75 0.204059
10 1000000 0.75 0.20575
11 1000000 0.75 0.20498
12 1000000 0.75 0.200243
13 1000000 0.75 0.208841
14 1000000 0.75 0.205152
15 1000000 0.75 0.197658
16 1000000 0.75 0.216217
17 1000000 0.75 0.212738
18 1000000 0.75 0.200258
19 1000000 0.75 0.203227
20 1000000 0.75 0.202177
21 1000000 0.75 0.20478
22 1000000 0.75 0.197548
23 1000000 0.75 0.200098
24 1000000 0.75 0.208717
25 1000000 0.75 0.203994
26 1000000 0.75 0.210151
27 1000000 0.75 0.199787
28 1000000 0.75 0.202901
29 1000000 0.75 0.201642
30 1000000 0.75 0.205565
31 1000000 0.75 0.205981
32 1000000 0.75 0.20409
33 1000000 0.75 0.205322
34 1000000 0.75 0.206137
35 1000000 0.75 0.196569
36 1000000 0.75 0.220352
37 1000000 0.75 0.197603
38 1000000 0.75 0.202254
39 1000000 0.75 0.204097
40 1000000 0.75 0.200081
41 1000000 0.75 0.214074
42 1000000 0.75 0.206819
43 1000000 0.75 0.19933
44 1000000 0.75 0.203338
45 1000000 0.75 0.219109
46 1000000 0.75 0.208587
47 1000000 0.75 0.200807
48 1000000 0.75 0.197483
49 1000000 0.75 0.204067
50 1000000 0.75 0.205228
51 1000000 0.75 0.207759
52 1000000 0.75 0.202615
53 1000000 0.75 0.204582
54 1000000 0.75 0.203814
55 1000000 0.75 0.202306
56 1000000 0.75 0.20355
57 1000000 0.75 0.205178
58 1000000 0.75 0.204368
59 1000000 0.75 0.198131
60 1000000 0.75 0.204218
61 1000000 0.75 0.200692
62 1000000 0.75 0.208967
63 1000000 0.75 0.211381
64 1000000 0.75 0.217521
65 1000000 0.75 0.198762
66 1000000 0.75 0.204259
67 1000000 0.75 0.210799
68 1000000 0.75 0.207656
69 1000000 0.75 0.203006
70 1000000 0.75 0.207251
71 1000000 0.75 0.206165
72 1000000 0.75 0.203963
73 1000000 0.75 0.2104
74 1000000 0.75 0.198965
75 1000000 0.75 0.204711
76 1000000 0.75 0.201222
77 1000000 0.75 0.215398
78 1000000 0.75 0.1973
79 1000000 0.75 0.198154
80 1000000 0.75 0.197251
81 1000000 0.75 0.200709
82 1000000 0.75 0.207825
83 1000000 0.75 0.210755
84 1000000 0.75 0.198752
85 1000000 0.75 0.201493
86 1000000 0.75 0.197824
87 1000000 0.75 0.203173
88 1000000 0.75 0.205208
89 1000000 0.75 0.193824
90 1000000 0.75 0.198826
91 1000000 0.75 0.197583
92 1000000 0.75 0.204871
93 1000000 0.75 0.218121
94 1000000 0.75 0.203069
95 1000000 0.75 0.19906
96 1000000 0.75 0.197615
97 1000000 0.75 0.206022
98 1000000 0.75 0.203643
99 1000000 0.75 0.224161
0 1000000 0.95 0.191217
1 1000000 0.95 0.207735
2 1000000 0.95 0.191994
3 1000000 0.95 0.191795
4 1000000 0.95 0.186552
5 1000000 0.95 0.191354
6 1000000 0.95 0.193891
7 1000000 0.95 0.19173
8 1000000 0.95 0.191629
9 1000000 0.95 0.188858
10 1000000 0.95 0.188493
11 1000000 0.95 0.200304
12 1000000 0.95 0.195974
13 1000000 0.95 0.195721
14 1000000 0.95 0.188196
15 1000000 0.95 0.191567
16 1000000 0.95 0.189591
17 1000000 0.95 0.197029
18 1000000 0.95 0.192748
19 1000000 0.95 0.190024
20 1000000 0.95 0.190926
21 1000000 0.95 0.201862
22 1000000 0.95 0.19414
23 1000000 0.95 0.191922
24 1000000 0.95 0.190772
25 1000000 0.95 0.192639
26 1000000 0.95 0.192001
27 1000000 0.95 0.202396
28 1000000 0.95 0.19524
29 1000000 0.95 0.191129
30 1000000 0.95 0.19174
31 1000000 0.95 0.201409
32 1000000 0.95 0.188359
33 1000000 0.95 0.1964
34 1000000 0.95 0.189133
35 1000000 0.95 0.188764
36 1000000 0.95 0.18957
37 1000000 0.95 0.188004
38 1000000 0.95 0.194893
39 1000000 0.95 0.192974
40 1000000 0.95 0.191174
41 1000000 0.95 0.203575
42 1000000 0.95 0.191805
43 1000000 0.95 0.192775
44 1000000 0.95 0.196227
45 1000000 0.95 0.191001
46 1000000 0.95 0.191009
47 1000000 0.95 0.195334
48 1000000 0.95 0.188923
49 1000000 0.95 0.19956
50 1000000 0.95 0.19084
51 1000000 0.95 0.203373
52 1000000 0.95 0.19051
53 1000000 0.95 0.19101
54 1000000 0.95 0.197841
55 1000000 0.95 0.190444
56 1000000 0.95 0.196878
57 1000000 0.95 0.190191
58 1000000 0.95 0.188959
59 1000000 0.95 0.190749
60 1000000 0.95 0.19615
61 1000000 0.95 0.204628
62 1000000 0.95 0.187493
63 1000000 0.95 0.19142
64 1000000 0.95 0.190496
65 1000000 0.95 0.191169
66 1000000 0.95 0.186651
67 1000000 0.95 0.189294
68 1000000 0.95 0.186491
69 1000000 0.95 0.190205
70 1000000 0.95 0.193546
71 1000000 0.95 0.205626
72 1000000 0.95 0.190813
73 1000000 0.95 0.18734
74 1000000 0.95 0.187573
75 1000000 0.95 0.186767
76 1000000 0.95 0.193997
77 1000000 0.95 0.190408
78 1000000 0.95 0.187075
79 1000000 0.95 0.189927
80 1000000 0.95 0.189942
81 1000000 0.95 0.204648
82 1000000 0.95 0.195484
83 1000000 0.95 0.189112
84 1000000 0.95 0.192791
85 1000000 0.95 0.190022
86 1000000 0.95 0.18601
87 1000000 0.95 0.196296
88 1000000 0.95 0.189124
89 1000000 0.95 0.189078
90 1000000 0.95 0.191548
91 1000000 0.95 0.197519
92 1000000 0.95 0.200952
93 1000000 0.95 0.190031
94 1000000 0.95 0.185674
95 1000000 0.95 0.188278
96 1000000 0.95 0.187261
97 1000000 0.95 0.192364
98 1000000 0.95 0.194661
99 1000000 0.95 0.224409
0 1000000 0.99 0.174427
1 1000000 0.99 0.18522
2 1000000 0.99 0.176422
3 1000000 0.99 0.17631
4 1000000 0.99 0.1691
5 1000000 0.99 0.187604
6 1000000 0.99 0.182827
7 1000000 0.99 0.176936
8 1000000 0.99 0.174698
9 1000000 0.99 0.17796
10 1000000 0.99 0.179043
11 1000000 0.99 0.178668
12 1000000 0.99 0.181369
13 1000000 0.99 0.176343
14 1000000 0.99 0.176489
15 1000000 0.99 0.176127
16 1000000 0.99 0.188467
17 1000000 0.99 0.177584
18 1000000 0.99 0.185582
19 1000000 0.99 0.17484
20 1000000 0.99 0.176927
21 1000000 0.99 0.175625
22 1000000 0.99 0.177309
23 1000000 0.99 0.176543
24 1000000 0.99 0.179732
25 1000000 0.99 0.176251
26 1000000 0.99 0.177232
27 1000000 0.99 0.1876
28 1000000 0.99 0.176222
29 1000000 0.99 0.176578
30 1000000 0.99 0.182762
31 1000000 0.99 0.176515
32 1000000 0.99 0.176276
33 1000000 0.99 0.178482
34 1000000 0.99 0.174644
35 1000000 0.99 0.17659
36 1000000 0.99 0.179271
37 1000000 0.99 0.176815
38 1000000 0.99 0.181481
39 1000000 0.99 0.176587
40 1000000 0.99 0.177462
41 1000000 0.99 0.180508
42 1000000 0.99 0.178839
43 1000000 0.99 0.176472
44 1000000 0.99 0.177829
45 1000000 0.99 0.175714
46 1000000 0.99 0.176149
47 1000000 0.99 0.18048
48 1000000 0.99 0.188688
49 1000000 0.99 0.178711
50 1000000 0.99 0.177732
51 1000000 0.99 0.177766
52 1000000 0.99 0.174986
53 1000000 0.99 0.181692
54 1000000 0.99 0.17734
55 1000000 0.99 0.177931
56 1000000 0.99 0.172638
57 1000000 0.99 0.173838
58 1000000 0.99 0.17674
59 1000000 0.99 0.19102
60 1000000 0.99 0.179784
61 1000000 0.99 0.178137
62 1000000 0.99 0.175963
63 1000000 0.99 0.174509
64 1000000 0.99 0.176558
65 1000000 0.99 0.183314
66 1000000 0.99 0.17982
67 1000000 0.99 0.174724
68 1000000 0.99 0.176736
69 1000000 0.99 0.178087
70 1000000 0.99 0.189361
71 1000000 0.99 0.177981
72 1000000 0.99 0.178478
73 1000000 0.99 0.172382
74 1000000 0.99 0.175155
75 1000000 0.99 0.174918
76 1000000 0.99 0.182201
77 1000000 0.99 0.178402
78 1000000 0.99 0.173982
79 1000000 0.99 0.173735
80 1000000 0.99 0.174766
81 1000000 0.99 0.187278
82 1000000 0.99 0.180728
83 1000000 0.99 0.175955
84 1000000 0.99 0.174155
85 1000000 0.99 0.175523
86 1000000 0.99 0.175103
87 1000000 0.99 0.177563
88 1000000 0.99 0.187278
89 1000000 0.99 0.174168
90 1000000 0.99 0.171293
91 1000000 0.99 0.175156
92 1000000 0.99 0.182582
93 1000000 0.99 0.170726
94 1000000 0.99 0.184073
95 1000000 0.99 0.171665
96 1000000 0.99 0.172629
97 1000000 0.99 0.170922
98 1000000 0.99 0.176242
99 1000000 0.99 0.240497
0 1000000 0.997 0.168954
1 1000000 0.997 0.184755
2 1000000 0.997 0.180479
3 1000000 0.997 0.190644
4 1000000 0.997 0.170965
5 1000000 0.997 0.194119
6 1000000 0.997 0.17949
7 1000000 0.997 0.192057
8 1000000 0.997 0.175817
9 1000000 0.997 0.189037
10 1000000 0.997 0.1944
11 1000000 0.997 0.188998
12 1000000 0.997 0.179471
13 1000000 0.997 0.178035
14 1000000 0.997 0.220565
15 1000000 0.997 0.231756
16 1000000 0.997 0.227965
17 1000000 0.997 0.239741
18 1000000 0.997 0.224933
19 1000000 0.997 0.244549
20 1000000 0.997 0.236129
21 1000000 0.997 0.229653
22 1000000 0.997 0.23729
23 1000000 0.997 0.223378
24 1000000 0.997 0.227774
25 1000000 0.997 0.244956
26 1000000 0.997 0.214055
27 1000000 0.997 0.18221
28 1000000 0.997 0.194644
29 1000000 0.997 0.176744
30 1000000 0.997 0.169616
31 1000000 0.997 0.17257
32 1000000 0.997 0.178057
33 1000000 0.997 0.187579
34 1000000 0.997 0.184426
35 1000000 0.997 0.173764
36 1000000 0.997 0.184209
37 1000000 0.997 0.181479
38 1000000 0.997 0.19759
39 1000000 0.997 0.182385
40 1000000 0.997 0.185798
41 1000000 0.997 0.175077
42 1000000 0.997 0.1727
43 1000000 0.997 0.191503
44 1000000 0.997 0.177249
45 1000000 0.997 0.187141
46 1000000 0.997 0.172655
47 1000000 0.997 0.169964
48 1000000 0.997 0.168187
49 1000000 0.997 0.189948
50 1000000 0.997 0.172577
51 1000000 0.997 0.172766
52 1000000 0.997 0.169803
53 1000000 0.997 0.168943
54 1000000 0.997 0.183983
55 1000000 0.997 0.176095
56 1000000 0.997 0.169989
57 1000000 0.997 0.170189
58 1000000 0.997 0.172163
59 1000000 0.997 0.173015
60 1000000 0.997 0.183429
61 1000000 0.997 0.18989
62 1000000 0.997 0.169145
63 1000000 0.997 0.171227
64 1000000 0.997 0.169665
65 1000000 0.997 0.18316
66 1000000 0.997 0.176604
67 1000000 0.997 0.180063
68 1000000 0.997 0.17145
69 1000000 0.997 0.170533
70 1000000 0.997 0.174639
71 1000000 0.997 0.185732
72 1000000 0.997 0.167423
73 1000000 0.997 0.180295
74 1000000 0.997 0.172482
75 1000000 0.997 0.168178
76 1000000 0.997 0.174753
77 1000000 0.997 0.173624
78 1000000 0.997 0.170958
79 1000000 0.997 0.182603
80 1000000 0.997 0.171568
81 1000000 0.997 0.170327
82 1000000 0.997 0.174942
83 1000000 0.997 0.169446
84 1000000 0.997 0.171385
85 1000000 0.997 0.17768
86 1000000 0.997 0.16914
87 1000000 0.997 0.174119
88 1000000 0.997 0.174766
89 1000000 0.997 0.168271
90 1000000 0.997 0.167345
91 1000000 0.997 0.17099
92 1000000 0.997 0.166332
93 1000000 0.997 0.170783
94 1000000 0.997 0.168523
95 1000000 0.997 0.166479
96 1000000 0.997 0.168925
97 1000000 0.997 0.171106
98 1000000 0.997 0.174179
99 1000000 0.997 0.171385
