0 10000 -1 0.0012406
1 10000 -1 0.0014021
2 10000 -1 0.0014814
3 10000 -1 0.0011028
4 10000 -1 0.0011968
5 10000 -1 0.0018825
6 10000 -1 0.0014455
7 10000 -1 0.0012358
8 10000 -1 0.0016687
9 10000 -1 0.0015965
10 10000 -1 0.0016301
11 10000 -1 0.0015137
12 10000 -1 0.0016906
13 10000 -1 0.0013602
14 10000 -1 0.0013055
15 10000 -1 0.0013664
16 10000 -1 0.0012589
17 10000 -1 0.0012788
18 10000 -1 0.0020523
19 10000 -1 0.0012099
20 10000 -1 0.0013169
21 10000 -1 0.001195
22 10000 -1 0.0012363
23 10000 -1 0.0011268
24 10000 -1 0.0013854
25 10000 -1 0.0011433
26 10000 -1 0.0014302
27 10000 -1 0.0012088
28 10000 -1 0.0015386
29 10000 -1 0.0011921
30 10000 -1 0.001102
31 10000 -1 0.0013836
32 10000 -1 0.0011765
33 10000 -1 0.0011253
34 10000 -1 0.0012172
35 10000 -1 0.0012285
36 10000 -1 0.0011651
37 10000 -1 0.0012982
38 10000 -1 0.0011346
39 10000 -1 0.00111
40 10000 -1 0.0017847
41 10000 -1 0.0013835
42 10000 -1 0.0012314
43 10000 -1 0.0011348
44 10000 -1 0.001128
45 10000 -1 0.0011535
46 10000 -1 0.0012004
47 10000 -1 0.0012757
48 10000 -1 0.0010823
49 10000 -1 0.0012073
50 10000 -1 0.0016855
51 10000 -1 0.0011528
52 10000 -1 0.0012188
53 10000 -1 0.0011246
54 10000 -1 0.0012154
55 10000 -1 0.0012848
56 10000 -1 0.0015707
57 10000 -1 0.0013953
58 10000 -1 0.0015236
59 10000 -1 0.0017256
60 10000 -1 0.0014299
61 10000 -1 0.001556
62 10000 -1 0.0013386
63 10000 -1 0.0013646
64 10000 -1 0.001489
65 10000 -1 0.0014824
66 10000 -1 0.0016666
67 10000 -1 0.0017034
68 10000 -1 0.0018956
69 10000 -1 0.0012793
70 10000 -1 0.0013625
71 10000 -1 0.0015965
72 10000 -1 0.0011293
73 10000 -1 0.0012595
74 10000 -1 0.0014121
75 10000 -1 0.0011732
76 10000 -1 0.0013584
77 10000 -1 0.0014561
78 10000 -1 0.0012866
79 10000 -1 0.0012851
80 10000 -1 0.0015087
81 10000 -1 0.0016903
82 10000 -1 0.0011961
83 10000 -1 0.001283
84 10000 -1 0.0012782
85 10000 -1 0.0012001
86 10000 -1 0.0015593
87 10000 -1 0.001191
88 10000 -1 0.0013184
89 10000 -1 0.0015357
90 10000 -1 0.0012249
91 10000 -1 0.0014244
92 10000 -1 0.0012209
93 10000 -1 0.0012153
94 10000 -1 0.001412
95 10000 -1 0.001276
96 10000 -1 0.0014568
97 10000 -1 0.001292
98 10000 -1 0.0012642
99 10000 -1 0.0018813
0 10000 1 0.0017654
1 10000 1 0.0020101
2 10000 1 0.002024
3 10000 1 0.0022322
4 10000 1 0.0017964
5 10000 1 0.0017777
6 10000 1 0.001687
7 10000 1 0.0021115
8 10000 1 0.0019164
9 10000 1 0.001727
10 10000 1 0.0020009
11 10000 1 0.0018831
12 10000 1 0.0021731
13 10000 1 0.0019703
14 10000 1 0.0016938
15 10000 1 0.0017598
16 10000 1 0.0018088
17 10000 1 0.0018288
18 10000 1 0.0016998
19 10000 1 0.0019769
20 10000 1 0.0017952
21 10000 1 0.001749
22 10000 1 0.0020721
23 10000 1 0.0017048
24 10000 1 0.0019586
25 10000 1 0.0018916
26 10000 1 0.0017819
27 10000 1 0.0020374
28 10000 1 0.0021483
29 10000 1 0.0018078
30 10000 1 0.0018671
31 10000 1 0.0017613
32 10000 1 0.0022058
33 10000 1 0.0018077
34 10000 1 0.0020775
35 10000 1 0.0017835
36 10000 1 0.0018169
37 10000 1 0.0020884
38 10000 1 0.0017093
39 10000 1 0.0018576
40 10000 1 0.0018364
41 10000 1 0.0017322
42 10000 1 0.0018058
43 10000 1 0.0017114
44 10000 1 0.0025946
45 10000 1 0.0019846
46 10000 1 0.0022906
47 10000 1 0.0020505
48 10000 1 0.001893
49 10000 1 0.0017726
50 10000 1 0.0019419
51 10000 1 0.0017797
52 10000 1 0.0018799
53 10000 1 0.0019291
54 10000 1 0.0017986
55 10000 1 0.0018918
56 10000 1 0.0023157
57 10000 1 0.0020747
58 10000 1 0.0017967
59 10000 1 0.0018299
60 10000 1 0.0019415
61 10000 1 0.0017409
62 10000 1 0.001816
63 10000 1 0.0018559
64 10000 1 0.0017847
65 10000 1 0.0017391
66 10000 1 0.0019565
67 10000 1 0.0018139
68 10000 1 0.0017237
69 10000 1 0.0017825
70 10000 1 0.0020167
71 10000 1 0.0017782
72 10000 1 0.0018023
73 10000 1 0.0017704
74 10000 1 0.0019156
75 10000 1 0.0017851
76 10000 1 0.0017472
77 10000 1 0.0017439
78 10000 1 0.0018621
79 10000 1 0.0017964
80 10000 1 0.0018958
81 10000 1 0.0021352
82 10000 1 0.0017669
83 10000 1 0.0018801
84 10000 1 0.0019255
85 10000 1 0.0023288
86 10000 1 0.0018044
87 10000 1 0.0018723
88 10000 1 0.0020239
89 10000 1 0.0021465
90 10000 1 0.001965
91 10000 1 0.0018832
92 10000 1 0.0018525
93 10000 1 0.0019046
94 10000 1 0.0021166
95 10000 1 0.0021195
96 10000 1 0.001819
97 10000 1 0.0018967
98 10000 1 0.0019919
99 10000 1 0.001806
0 10000 0.25 0.0017486
1 10000 0.25 0.0016096
2 10000 0.25 0.0018573
3 10000 0.25 0.0016976
4 10000 0.25 0.0018012
5 10000 0.25 0.0018719
6 10000 0.25 0.0017373
7 10000 0.25 0.0017635
8 10000 0.25 0.0015801
9 10000 0.25 0.0016866
10 10000 0.25 0.0016775
11 10000 0.25 0.0016436
12 10000 0.25 0.0016024
13 10000 0.25 0.0017281
14 10000 0.25 0.0016487
15 10000 0.25 0.0015925
16 10000 0.25 0.0018125
17 10000 0.25 0.00178
18 10000 0.25 0.0015689
19 10000 0.25 0.0018693
20 10000 0.25 0.0017176
21 10000 0.25 0.0016898
22 10000 0.25 0.001684
23 10000 0.25 0.0018256
24 10000 0.25 0.0016775
25 10000 0.25 0.001691
26 10000 0.25 0.0016801
27 10000 0.25 0.0016552
28 10000 0.25 0.0016225
29 10000 0.25 0.0016198
30 10000 0.25 0.0016848
31 10000 0.25 0.0018637
32 10000 0.25 0.0019105
33 10000 0.25 0.001853
34 10000 0.25 0.0016876
35 10000 0.25 0.00204
36 10000 0.25 0.002041
37 10000 0.25 0.0018736
38 10000 0.25 0.0016814
39 10000 0.25 0.0016604
40 10000 0.25 0.0017005
41 10000 0.25 0.0018763
42 10000 0.25 0.0020851
43 10000 0.25 0.0020101
44 10000 0.25 0.0018215
45 10000 0.25 0.0017927
46 10000 0.25 0.0017807
47 10000 0.25 0.0017465
48 10000 0.25 0.0019222
49 10000 0.25 0.0022633
50 10000 0.25 0.001714
51 10000 0.25 0.0016487
52 10000 0.25 0.0018886
53 10000 0.25 0.0023857
54 10000 0.25 0.0016516
55 10000 0.25 0.0019649
56 10000 0.25 0.0021843
57 10000 0.25 0.0017905
58 10000 0.25 0.0018394
59 10000 0.25 0.0023255
60 10000 0.25 0.0016516
61 10000 0.25 0.0016123
62 10000 0.25 0.0018011
63 10000 0.25 0.0018883
64 10000 0.25 0.0020823
65 10000 0.25 0.001753
66 10000 0.25 0.0017807
67 10000 0.25 0.0019594
68 10000 0.25 0.0016961
69 10000 0.25 0.0018172
70 10000 0.25 0.0022723
71 10000 0.25 0.001609
72 10000 0.25 0.0016046
73 10000 0.25 0.0025816
74 10000 0.25 0.0026694
75 10000 0.25 0.0026307
76 10000 0.25 0.0023361
77 10000 0.25 0.0019831
78 10000 0.25 0.0020699
79 10000 0.25 0.0019983
80 10000 0.25 0.0017563
81 10000 0.25 0.0016545
82 10000 0.25 0.0018755
83 10000 0.25 0.0024364
84 10000 0.25 0.0026416
85 10000 0.25 0.0019517
86 10000 0.25 0.0019753
87 10000 0.25 0.0018945
88 10000 0.25 0.0023448
89 10000 0.25 0.0016855
90 10000 0.25 0.002215
91 10000 0.25 0.0015762
92 10000 0.25 0.0015995
93 10000 0.25 0.0016935
94 10000 0.25 0.0015797
95 10000 0.25 0.0015724
96 10000 0.25 0.0018682
97 10000 0.25 0.0018467
98 10000 0.25 0.0017147
99 10000 0.25 0.0020907
0 10000 0.5 0.0015557
1 10000 0.5 0.0016611
2 10000 0.5 0.0015645
3 10000 0.5 0.0014882
4 10000 0.5 0.0016865
5 10000 0.5 0.0015902
6 10000 0.5 0.0016002
7 10000 0.5 0.0018909
8 10000 0.5 0.0015524
9 10000 0.5 0.0018671
10 10000 0.5 0.0017343
11 10000 0.5 0.0014944
12 10000 0.5 0.0015739
13 10000 0.5 0.0018186
14 10000 0.5 0.0015724
15 10000 0.5 0.0018296
16 10000 0.5 0.001826
17 10000 0.5 0.0014342
18 10000 0.5 0.0015895
19 10000 0.5 0.0015575
20 10000 0.5 0.0014617
21 10000 0.5 0.0018278
22 10000 0.5 0.0017942
23 10000 0.5 0.0014398
24 10000 0.5 0.0015793
25 10000 0.5 0.0014792
26 10000 0.5 0.0015108
27 10000 0.5 0.0016728
28 10000 0.5 0.0015725
29 10000 0.5 0.0016899
30 10000 0.5 0.0016191
31 10000 0.5 0.0015736
32 10000 0.5 0.0015768
33 10000 0.5 0.0014292
34 10000 0.5 0.0015521
35 10000 0.5 0.0015899
36 10000 0.5 0.0015279
37 10000 0.5 0.0017624
38 10000 0.5 0.0015586
39 10000 0.5 0.0016002
40 10000 0.5 0.0015954
41 10000 0.5 0.0015173
42 10000 0.5 0.0015079
43 10000 0.5 0.0016038
44 10000 0.5 0.0017074
45 10000 0.5 0.0018073
46 10000 0.5 0.0015663
47 10000 0.5 0.0015783
48 10000 0.5 0.0015771
49 10000 0.5 0.0016132
50 10000 0.5 0.0017368
51 10000 0.5 0.0019367
52 10000 0.5 0.0017084
53 10000 0.5 0.0017075
54 10000 0.5 0.0016148
55 10000 0.5 0.0018777
56 10000 0.5 0.0021334
57 10000 0.5 0.0017428
58 10000 0.5 0.0018773
59 10000 0.5 0.0015878
60 10000 0.5 0.0015622
61 10000 0.5 0.0016779
62 10000 0.5 0.0016768
63 10000 0.5 0.0016483
64 10000 0.5 0.0015808
65 10000 0.5 0.0017658
66 10000 0.5 0.0016688
67 10000 0.5 0.0017256
68 10000 0.5 0.0018999
69 10000 0.5 0.0016039
70 10000 0.5 0.0015649
71 10000 0.5 0.0015651
72 10000 0.5 0.0016236
73 10000 0.5 0.001559
74 10000 0.5 0.001552
75 10000 0.5 0.0018359
76 10000 0.5 0.0015918
77 10000 0.5 0.0015754
78 10000 0.5 0.002014
79 10000 0.5 0.0017693
80 10000 0.5 0.0017942
81 10000 0.5 0.0018406
82 10000 0.5 0.0015875
83 10000 0.5 0.0015425
84 10000 0.5 0.0016333
85 10000 0.5 0.0017233
86 10000 0.5 0.0015345
87 10000 0.5 0.0016606
88 10000 0.5 0.0015495
89 10000 0.5 0.0016801
90 10000 0.5 0.0019434
91 10000 0.5 0.0022048
92 10000 0.5 0.0020798
93 10000 0.5 0.0027208
94 10000 0.5 0.0019976
95 10000 0.5 0.0023457
96 10000 0.5 0.0026515
97 10000 0.5 0.0023149
98 10000 0.5 0.0020527
99 10000 0.5 0.0019685
0 10000 0.75 0.0015743
1 10000 0.75 0.0017771
2 10000 0.75 0.00143
3 10000 0.75 0.0013384
4 10000 0.75 0.0014586
5 10000 0.75 0.0013602
6 10000 0.75 0.0013216
7 10000 0.75 0.0016283
8 10000 0.75 0.0013738
9 10000 0.75 0.0014967
10 10000 0.75 0.0014343
11 10000 0.75 0.0015057
12 10000 0.75 0.0014922
13 10000 0.75 0.0014021
14 10000 0.75 0.0013241
15 10000 0.75 0.0013974
16 10000 0.75 0.0013887
17 10000 0.75 0.0014572
18 10000 0.75 0.0014273
19 10000 0.75 0.0014842
20 10000 0.75 0.001281
21 10000 0.75 0.0016119
22 10000 0.75 0.0015721
23 10000 0.75 0.0014952
24 10000 0.75 0.0013173
25 10000 0.75 0.0013197
26 10000 0.75 0.0013561
27 10000 0.75 0.0013861
28 10000 0.75 0.0014532
29 10000 0.75 0.00139
30 10000 0.75 0.0013623
31 10000 0.75 0.0013183
32 10000 0.75 0.00161
33 10000 0.75 0.0013809
34 10000 0.75 0.0013592
35 10000 0.75 0.0013463
36 10000 0.75 0.001525
37 10000 0.75 0.0013781
38 10000 0.75 0.0014338
39 10000 0.75 0.0013497
40 10000 0.75 0.0012854
41 10000 0.75 0.0013952
42 10000 0.75 0.0012914
43 10000 0.75 0.0012501
44 10000 0.75 0.0013129
45 10000 0.75 0.0013071
46 10000 0.75 0.0013244
47 10000 0.75 0.0016712
48 10000 0.75 0.0013262
49 10000 0.75 0.0014708
50 10000 0.75 0.0018902
51 10000 0.75 0.0016462
52 10000 0.75 0.0017876
53 10000 0.75 0.0016542
54 10000 0.75 0.0015626
55 10000 0.75 0.0014988
56 10000 0.75 0.0016224
57 10000 0.75 0.0017151
58 10000 0.75 0.0018536
59 10000 0.75 0.0020061
60 10000 0.75 0.0017216
61 10000 0.75 0.0014664
62 10000 0.75 0.0017001
63 10000 0.75 0.0015597
64 10000 0.75 0.001455
65 10000 0.75 0.0014747
66 10000 0.75 0.0015513
67 10000 0.75 0.0017209
68 10000 0.75 0.0019157
69 10000 0.75 0.0021596
70 10000 0.75 0.001931
71 10000 0.75 0.0014506
72 10000 0.75 0.0019791
73 10000 0.75 0.0013241
74 10000 0.75 0.0013752
75 10000 0.75 0.0014201
76 10000 0.75 0.001493
77 10000 0.75 0.0013234
78 10000 0.75 0.0016575
79 10000 0.75 0.0016286
80 10000 0.75 0.0012806
81 10000 0.75 0.0013475
82 10000 0.75 0.0014772
83 10000 0.75 0.0015257
84 10000 0.75 0.0013063
85 10000 0.75 0.0013304
86 10000 0.75 0.0018977
87 10000 0.75 0.00149
88 10000 0.75 0.0013194
89 10000 0.75 0.0013711
90 10000 0.75 0.0013198
91 10000 0.75 0.0013894
92 10000 0.75 0.0013194
93 10000 0.75 0.0015345
94 10000 0.75 0.0013944
95 10000 0.75 0.0013139
96 10000 0.75 0.0013154
97 10000 0.75 0.0015881
98 10000 0.75 0.0013789
99 10000 0.75 0.001715
0 10000 0.95 0.0012027
1 10000 0.95 0.00121
2 10000 0.95 0.0012457
3 10000 0.95 0.0013621
4 10000 0.95 0.0014407
5 10000 0.95 0.0011761
6 10000 0.95 0.0012392
7 10000 0.95 0.0012417
8 10000 0.95 0.0014022
9 10000 0.95 0.001194
10 10000 0.95 0.0012753
11 10000 0.95 0.0012494
12 10000 0.95 0.0012209
13 10000 0.95 0.0011616
14 10000 0.95 0.0012178
15 10000 0.95 0.0012705
16 10000 0.95 0.0011801
17 10000 0.95 0.0012964
18 10000 0.95 0.0013617
19 10000 0.95 0.0011997
20 10000 0.95 0.0012246
21 10000 0.95 0.0013858
22 10000 0.95 0.0012345
23 10000 0.95 0.0012435
24 10000 0.95 0.0012198
25 10000 0.95 0.0012486
26 10000 0.95 0.0011603
27 10000 0.95 0.0013563
28 10000 0.95 0.0012231
29 10000 0.95 0.0012337
30 10000 0.95 0.001183
31 10000 0.95 0.00118
32 10000 0.95 0.0012876
33 10000 0.95 0.0011807
34 10000 0.95 0.0012486
35 10000 0.95 0.0012702
36 10000 0.95 0.0011797
37 10000 0.95 0.0012475
38 10000 0.95 0.0012494
39 10000 0.95 0.0014116
40 10000 0.95 0.0011662
41 10000 0.95 0.0012467
42 10000 0.95 0.0012563
43 10000 0.95 0.0012128
44 10000 0.95 0.0012081
45 10000 0.95 0.0012333
46 10000 0.95 0.0012032
47 10000 0.95 0.0013011
48 10000 0.95 0.0012567
49 10000 0.95 0.0013242
50 10000 0.95 0.0012316
51 10000 0.95 0.0012676
52 10000 0.95 0.0012005
53 10000 0.95 0.0012114
54 10000 0.95 0.0012272
55 10000 0.95 0.0014248
56 10000 0.95 0.0012859
57 10000 0.95 0.0012205
58 10000 0.95 0.0012209
59 10000 0.95 0.0012151
60 10000 0.95 0.0011878
61 10000 0.95 0.0011852
62 10000 0.95 0.0012468
63 10000 0.95 0.0011579
64 10000 0.95 0.0012333
65 10000 0.95 0.0012323
66 10000 0.95 0.0013836
67 10000 0.95 0.0012428
68 10000 0.95 0.001222
69 10000 0.95 0.0012851
70 10000 0.95 0.0012034
71 10000 0.95 0.0011637
72 10000 0.95 0.0011739
73 10000 0.95 0.0012676
74 10000 0.95 0.0012282
75 10000 0.95 0.001221
76 10000 0.95 0.0012629
77 10000 0.95 0.001517
78 10000 0.95 0.001308
79 10000 0.95 0.0012756
80 10000 0.95 0.0013486
81 10000 0.95 0.0012403
82 10000 0.95 0.0013103
83 10000 0.95 0.0014185
84 10000 0.95 0.0012279
85 10000 0.95 0.001384
86 10000 0.95 0.0013059
87 10000 0.95 0.0011964
88 10000 0.95 0.0013351
89 10000 0.95 0.0012686
90 10000 0.95 0.0012563
91 10000 0.95 0.0014284
92 10000 0.95 0.0012709
93 10000 0.95 0.0012814
94 10000 0.95 0.0012625
95 10000 0.95 0.0012089
96 10000 0.95 0.0012435
97 10000 0.95 0.001474
98 10000 0.95 0.0011651
99 10000 0.95 0.0019729
0 10000 0.99 0.001781
1 10000 0.99 0.0011895
2 10000 0.99 0.0013504
3 10000 0.99 0.0015091
4 10000 0.99 0.0012444
5 10000 0.99 0.001389
6 10000 0.99 0.0012698
7 10000 0.99 0.0014926
8 10000 0.99 0.0017099
9 10000 0.99 0.0012365
10 10000 0.99 0.0015539
11 10000 0.99 0.0011841
12 10000 0.99 0.0012169
13 10000 0.99 0.0011735
14 10000 0.99 0.0012599
15 10000 0.99 0.0012942
16 10000 0.99 0.0012399
17 10000 0.99 0.0012027
18 10000 0.99 0.0011913
19 10000 0.99 0.0012168
20 10000 0.99 0.0014849
21 10000 0.99 0.001462
22 10000 0.99 0.0013649
23 10000 0.99 0.00119
24 10000 0.99 0.0011534
25 10000 0.99 0.0012439
26 10000 0.99 0.0013504
27 10000 0.99 0.0013701
28 10000 0.99 0.0014065
29 10000 0.99 0.0017066
30 10000 0.99 0.0013679
31 10000 0.99 0.0011627
32 10000 0.99 0.0013613
33 10000 0.99 0.0021655
34 10000 0.99 0.0016658
35 10000 0.99 0.0016264
36 10000 0.99 0.0015262
37 10000 0.99 0.0012646
38 10000 0.99 0.0013861
39 10000 0.99 0.0015002
40 10000 0.99 0.0016322
41 10000 0.99 0.0016179
42 10000 0.99 0.0014467
43 10000 0.99 0.0015148
44 10000 0.99 0.0013855
45 10000 0.99 0.0012688
46 10000 0.99 0.0013311
47 10000 0.99 0.0014683
48 10000 0.99 0.0014278
49 10000 0.99 0.0012993
50 10000 0.99 0.0015549
51 10000 0.99 0.0012333
52 10000 0.99 0.0012967
53 10000 0.99 0.0014591
54 10000 0.99 0.0015014
55 10000 0.99 0.0014955
56 10000 0.99 0.0014737
57 10000 0.99 0.0014397
58 10000 0.99 0.0014167
59 10000 0.99 0.001358
60 10000 0.99 0.0017413
61 10000 0.99 0.0013321
62 10000 0.99 0.0012921
63 10000 0.99 0.0013176
64 10000 0.99 0.0018674
65 10000 0.99 0.0017523
66 10000 0.99 0.0012709
67 10000 0.99 0.0012391
68 10000 0.99 0.0012464
69 10000 0.99 0.0015127
70 10000 0.99 0.0013095
71 10000 0.99 0.001268
72 10000 0.99 0.0012613
73 10000 0.99 0.0018442
74 10000 0.99 0.0015775
75 10000 0.99 0.0019823
76 10000 0.99 0.0012993
77 10000 0.99 0.0015022
78 10000 0.99 0.0015702
79 10000 0.99 0.0012048
80 10000 0.99 0.0014099
81 10000 0.99 0.0011768
82 10000 0.99 0.0012173
83 10000 0.99 0.0012366
84 10000 0.99 0.0013879
85 10000 0.99 0.0012155
86 10000 0.99 0.0011965
87 10000 0.99 0.0013723
88 10000 0.99 0.0011951
89 10000 0.99 0.0013129
90 10000 0.99 0.0014737
91 10000 0.99 0.0012575
92 10000 0.99 0.0011662
93 10000 0.99 0.0012411
94 10000 0.99 0.0014011
95 10000 0.99 0.0011818
96 10000 0.99 0.0012158
97 10000 0.99 0.0014638
98 10000 0.99 0.0012366
99 10000 0.99 0.0016953
0 10000 0.997 0.001117
1 10000 0.997 0.001295
2 10000 0.997 0.0012027
3 10000 0.997 0.0012574
4 10000 0.997 0.0012556
5 10000 0.997 0.0012008
6 10000 0.997 0.0013223
7 10000 0.997 0.0014642
8 10000 0.997 0.0012019
9 10000 0.997 0.001401
10 10000 0.997 0.0012129
11 10000 0.997 0.0011254
12 10000 0.997 0.0011173
13 10000 0.997 0.0011833
14 10000 0.997 0.0012333
15 10000 0.997 0.0011841
16 10000 0.997 0.0011753
17 10000 0.997 0.0012359
18 10000 0.997 0.0011364
19 10000 0.997 0.0012427
20 10000 0.997 0.0012373
21 10000 0.997 0.0011473
22 10000 0.997 0.001148
23 10000 0.997 0.0011921
24 10000 0.997 0.0012129
25 10000 0.997 0.0012541
26 10000 0.997 0.0012731
27 10000 0.997 0.0011538
28 10000 0.997 0.0011786
29 10000 0.997 0.0012187
30 10000 0.997 0.0014686
31 10000 0.997 0.0011707
32 10000 0.997 0.0013843
33 10000 0.997 0.0011928
34 10000 0.997 0.0011961
35 10000 0.997 0.0011725
36 10000 0.997 0.0011838
37 10000 0.997 0.0012338
38 10000 0.997 0.0011913
39 10000 0.997 0.0012133
40 10000 0.997 0.0011742
41 10000 0.997 0.0012526
42 10000 0.997 0.0020437
43 10000 0.997 0.0012589
44 10000 0.997 0.0013146
45 10000 0.997 0.0013548
46 10000 0.997 0.0011906
47 10000 0.997 0.0014058
48 10000 0.997 0.0012053
49 10000 0.997 0.0011382
50 10000 0.997 0.0012129
51 10000 0.997 0.0013259
52 10000 0.997 0.0013941
53 10000 0.997 0.0013438
54 10000 0.997 0.0014194
55 10000 0.997 0.0012365
56 10000 0.997 0.0013672
57 10000 0.997 0.0012778
58 10000 0.997 0.0014005
59 10000 0.997 0.0012285
60 10000 0.997 0.0011928
61 10000 0.997 0.001203
62 10000 0.997 0.0011902
63 10000 0.997 0.0011428
64 10000 0.997 0.0014236
65 10000 0.997 0.001233
66 10000 0.997 0.0012136
67 10000 0.997 0.0011684
68 10000 0.997 0.0012228
69 10000 0.997 0.0011994
70 10000 0.997 0.0011871
71 10000 0.997 0.0013537
72 10000 0.997 0.001337
73 10000 0.997 0.0013201
74 10000 0.997 0.0012446
75 10000 0.997 0.0012209
76 10000 0.997 0.001175
77 10000 0.997 0.0012799
78 10000 0.997 0.0011656
79 10000 0.997 0.0019171
80 10000 0.997 0.0012471
81 10000 0.997 0.0011914
82 10000 0.997 0.0012271
83 10000 0.997 0.0014193
84 10000 0.997 0.0012511
85 10000 0.997 0.0011363
86 10000 0.997 0.0013
87 10000 0.997 0.0013734
88 10000 0.997 0.0011594
89 10000 0.997 0.0012512
90 10000 0.997 0.0011927
91 10000 0.997 0.0011483
92 10000 0.997 0.0011739
93 10000 0.997 0.0012366
94 10000 0.997 0.0015327
95 10000 0.997 0.0012461
96 10000 0.997 0.0011786
97 10000 0.997 0.0011371
98 10000 0.997 0.001238
99 10000 0.997 0.0018244
0 50000 -1 0.0074502
1 50000 -1 0.0063526
2 50000 -1 0.0063883
3 50000 -1 0.0062586
4 50000 -1 0.0062245
5 50000 -1 0.007886
6 50000 -1 0.006275
7 50000 -1 0.0062392
8 50000 -1 0.0065319
9 50000 -1 0.0060222
10 50000 -1 0.0065762
11 50000 -1 0.0067289
12 50000 -1 0.0066837
13 50000 -1 0.0068913
14 50000 -1 0.0073095
15 50000 -1 0.006885
16 50000 -1 0.006176
17 50000 -1 0.006816
18 50000 -1 0.0067165
19 50000 -1 0.0062168
20 50000 -1 0.0059671
21 50000 -1 0.0063467
22 50000 -1 0.0066746
23 50000 -1 0.0068971
24 50000 -1 0.0065378
25 50000 -1 0.0064052
26 50000 -1 0.0073027
27 50000 -1 0.0065349
28 50000 -1 0.0074582
29 50000 -1 0.0072362
30 50000 -1 0.0064708
31 50000 -1 0.0064124
32 50000 -1 0.0066396
33 50000 -1 0.0065426
34 50000 -1 0.0067104
35 50000 -1 0.0064645
36 50000 -1 0.0064127
37 50000 -1 0.0066082
38 50000 -1 0.006785
39 50000 -1 0.0063045
40 50000 -1 0.0076706
41 50000 -1 0.006318
42 50000 -1 0.0087816
43 50000 -1 0.0065878
44 50000 -1 0.006657
45 50000 -1 0.0066862
46 50000 -1 0.0068679
47 50000 -1 0.00733
48 50000 -1 0.0068562
49 50000 -1 0.0074495
50 50000 -1 0.0073577
51 50000 -1 0.0066082
52 50000 -1 0.0071418
53 50000 -1 0.0062315
54 50000 -1 0.0066213
55 50000 -1 0.0064328
56 50000 -1 0.0063504
57 50000 -1 0.0066403
58 50000 -1 0.0065845
59 50000 -1 0.0062085
60 50000 -1 0.0062709
61 50000 -1 0.0065813
62 50000 -1 0.0071899
63 50000 -1 0.0061991
64 50000 -1 0.0059772
65 50000 -1 0.006114
66 50000 -1 0.0062829
67 50000 -1 0.0066904
68 50000 -1 0.0065222
69 50000 -1 0.0060784
70 50000 -1 0.0068839
71 50000 -1 0.00604
72 50000 -1 0.006932
73 50000 -1 0.005993
74 50000 -1 0.0065645
75 50000 -1 0.0067431
76 50000 -1 0.0060674
77 50000 -1 0.0064087
78 50000 -1 0.0062289
79 50000 -1 0.0074945
80 50000 -1 0.0065806
81 50000 -1 0.0066889
82 50000 -1 0.0065995
83 50000 -1 0.0066615
84 50000 -1 0.0068073
85 50000 -1 0.0060616
86 50000 -1 0.006202
87 50000 -1 0.0063559
88 50000 -1 0.0061924
89 50000 -1 0.0067782
90 50000 -1 0.0066112
91 50000 -1 0.0061137
92 50000 -1 0.0064962
93 50000 -1 0.0062442
94 50000 -1 0.0060871
95 50000 -1 0.0062639
96 50000 -1 0.0071942
97 50000 -1 0.0061181
98 50000 -1 0.0062239
99 50000 -1 0.0098085
0 50000 1 0.0098524
1 50000 1 0.0099213
2 50000 1 0.0096335
3 50000 1 0.0101499
4 50000 1 0.010076
5 50000 1 0.0189571
6 50000 1 0.0105521
7 50000 1 0.00941
8 50000 1 0.0095995
9 50000 1 0.0095945
10 50000 1 0.0096331
11 50000 1 0.0101172
12 50000 1 0.0101371
13 50000 1 0.009713
14 50000 1 0.0100282
15 50000 1 0.0106269
16 50000 1 0.0102217
17 50000 1 0.0116163
18 50000 1 0.010395
19 50000 1 0.0105158
20 50000 1 0.0107644
21 50000 1 0.0104664
22 50000 1 0.0118864
23 50000 1 0.009438
24 50000 1 0.009922
25 50000 1 0.0099023
26 50000 1 0.0097885
27 50000 1 0.0110335
28 50000 1 0.0098148
29 50000 1 0.0098633
30 50000 1 0.009976
31 50000 1 0.009938
32 50000 1 0.0098199
33 50000 1 0.0102903
34 50000 1 0.0100957
35 50000 1 0.010128
36 50000 1 0.0098499
37 50000 1 0.0099807
38 50000 1 0.0098472
39 50000 1 0.0100324
40 50000 1 0.0118347
41 50000 1 0.009755
42 50000 1 0.0100113
43 50000 1 0.0106503
44 50000 1 0.0098133
45 50000 1 0.0105092
46 50000 1 0.0094176
47 50000 1 0.0110036
48 50000 1 0.0099829
49 50000 1 0.0093516
50 50000 1 0.0110161
51 50000 1 0.0096215
52 50000 1 0.0101459
53 50000 1 0.010346
54 50000 1 0.0098509
55 50000 1 0.0105127
56 50000 1 0.0101704
57 50000 1 0.010165
58 50000 1 0.0105598
59 50000 1 0.0100446
60 50000 1 0.0094771
61 50000 1 0.0106411
62 50000 1 0.0098571
63 50000 1 0.0098063
64 50000 1 0.0108464
65 50000 1 0.0097335
66 50000 1 0.0097368
67 50000 1 0.0097531
68 50000 1 0.0100167
69 50000 1 0.0112759
70 50000 1 0.0117272
71 50000 1 0.0100878
72 50000 1 0.0108578
73 50000 1 0.0095536
74 50000 1 0.0102988
75 50000 1 0.0104872
76 50000 1 0.009534
77 50000 1 0.0102455
78 50000 1 0.0098801
79 50000 1 0.0100599
80 50000 1 0.0104347
81 50000 1 0.0099893
82 50000 1 0.0114919
83 50000 1 0.0103841
84 50000 1 0.0095158
85 50000 1 0.010523
86 50000 1 0.0097801
87 50000 1 0.0101634
88 50000 1 0.0110124
89 50000 1 0.0102633
90 50000 1 0.0097258
91 50000 1 0.0108902
92 50000 1 0.0101792
93 50000 1 0.0110528
94 50000 1 0.0109208
95 50000 1 0.0100504
96 50000 1 0.0101695
97 50000 1 0.010268
98 50000 1 0.0096365
99 50000 1 0.0102925
0 50000 0.25 0.009926
1 50000 0.25 0.0087522
2 50000 0.25 0.0100043
3 50000 0.25 0.0092255
4 50000 0.25 0.0088386
5 50000 0.25 0.009515
6 50000 0.25 0.0105948
7 50000 0.25 0.0096701
8 50000 0.25 0.0092991
9 50000 0.25 0.0092134
10 50000 0.25 0.0087368
11 50000 0.25 0.0111488
12 50000 0.25 0.0088575
13 50000 0.25 0.009535
14 50000 0.25 0.0088089
15 50000 0.25 0.0088258
16 50000 0.25 0.0089818
17 50000 0.25 0.0091915
18 50000 0.25 0.0098764
19 50000 0.25 0.0089217
20 50000 0.25 0.0108096
21 50000 0.25 0.00936
22 50000 0.25 0.0099624
23 50000 0.25 0.008778
24 50000 0.25 0.0188028
25 50000 0.25 0.0089836
26 50000 0.25 0.009321
27 50000 0.25 0.008906
28 50000 0.25 0.0090249
29 50000 0.25 0.0096503
30 50000 0.25 0.0094928
31 50000 0.25 0.0090333
32 50000 0.25 0.0089588
33 50000 0.25 0.0100464
34 50000 0.25 0.0093389
35 50000 0.25 0.0101992
36 50000 0.25 0.0103348
37 50000 0.25 0.0089925
38 50000 0.25 0.0090578
39 50000 0.25 0.0089556
40 50000 0.25 0.0112542
41 50000 0.25 0.0093323
42 50000 0.25 0.0086792
43 50000 0.25 0.0097838
44 50000 0.25 0.0087554
45 50000 0.25 0.0087314
46 50000 0.25 0.0104209
47 50000 0.25 0.0102104
48 50000 0.25 0.0120704
49 50000 0.25 0.0103165
50 50000 0.25 0.0091678
51 50000 0.25 0.0118759
52 50000 0.25 0.0136384
53 50000 0.25 0.012607
54 50000 0.25 0.0115378
55 50000 0.25 0.0125723
56 50000 0.25 0.0117402
57 50000 0.25 0.0121921
58 50000 0.25 0.0115214
59 50000 0.25 0.0095117
60 50000 0.25 0.0091897
61 50000 0.25 0.0093345
62 50000 0.25 0.0092948
63 50000 0.25 0.0092645
64 50000 0.25 0.0088382
65 50000 0.25 0.0092605
66 50000 0.25 0.009476
67 50000 0.25 0.0089086
68 50000 0.25 0.0088007
69 50000 0.25 0.0088039
70 50000 0.25 0.0090858
71 50000 0.25 0.0088408
72 50000 0.25 0.0086997
73 50000 0.25 0.0105807
74 50000 0.25 0.0107644
75 50000 0.25 0.0091536
76 50000 0.25 0.0098703
77 50000 0.25 0.0092255
78 50000 0.25 0.0087379
79 50000 0.25 0.0098972
80 50000 0.25 0.0089442
81 50000 0.25 0.0088943
82 50000 0.25 0.0105672
83 50000 0.25 0.010581
84 50000 0.25 0.0099946
85 50000 0.25 0.0101447
86 50000 0.25 0.010008
87 50000 0.25 0.0106739
88 50000 0.25 0.0113927
89 50000 0.25 0.0099482
90 50000 0.25 0.0101623
91 50000 0.25 0.0136005
92 50000 0.25 0.0114905
93 50000 0.25 0.0109428
94 50000 0.25 0.0096501
95 50000 0.25 0.0099902
96 50000 0.25 0.0097228
97 50000 0.25 0.0095993
98 50000 0.25 0.0097411
99 50000 0.25 0.0105058
0 50000 0.5 0.0080731
1 50000 0.5 0.0082168
2 50000 0.5 0.0087615
3 50000 0.5 0.0085848
4 50000 0.5 0.0082149
5 50000 0.5 0.0081618
6 50000 0.5 0.0081938
7 50000 0.5 0.0082799
8 50000 0.5 0.0082934
9 50000 0.5 0.0081073
10 50000 0.5 0.0083528
11 50000 0.5 0.0087026
12 50000 0.5 0.0095774
13 50000 0.5 0.0084931
14 50000 0.5 0.0085272
15 50000 0.5 0.0077595
16 50000 0.5 0.0088798
17 50000 0.5 0.0081045
18 50000 0.5 0.0085224
19 50000 0.5 0.0077964
20 50000 0.5 0.0081982
21 50000 0.5 0.0081151
22 50000 0.5 0.0087273
23 50000 0.5 0.0083357
24 50000 0.5 0.0089479
25 50000 0.5 0.0081088
26 50000 0.5 0.0084378
27 50000 0.5 0.0089196
28 50000 0.5 0.0082138
29 50000 0.5 0.0102305
30 50000 0.5 0.0092813
31 50000 0.5 0.0090071
32 50000 0.5 0.00884
33 50000 0.5 0.009154
34 50000 0.5 0.0080946
35 50000 0.5 0.0084017
36 50000 0.5 0.0082565
37 50000 0.5 0.0082605
38 50000 0.5 0.0080644
39 50000 0.5 0.0084844
40 50000 0.5 0.0090983
41 50000 0.5 0.0080042
42 50000 0.5 0.008793
43 50000 0.5 0.0080108
44 50000 0.5 0.0080673
45 50000 0.5 0.0084962
46 50000 0.5 0.0092602
47 50000 0.5 0.0082952
48 50000 0.5 0.0081166
49 50000 0.5 0.0082718
50 50000 0.5 0.008281
51 50000 0.5 0.008693
52 50000 0.5 0.0088313
53 50000 0.5 0.0117683
54 50000 0.5 0.0081811
55 50000 0.5 0.0094942
56 50000 0.5 0.0108304
57 50000 0.5 0.0081876
58 50000 0.5 0.0086883
59 50000 0.5 0.0086821
60 50000 0.5 0.0093713
61 50000 0.5 0.0083444
62 50000 0.5 0.0099788
63 50000 0.5 0.0089771
64 50000 0.5 0.0084327
65 50000 0.5 0.008607
66 50000 0.5 0.0086206
67 50000 0.5 0.0080578
68 50000 0.5 0.0086384
69 50000 0.5 0.0085169
70 50000 0.5 0.0078032
71 50000 0.5 0.0086321
72 50000 0.5 0.0080575
73 50000 0.5 0.008651
74 50000 0.5 0.0082069
75 50000 0.5 0.0084207
76 50000 0.5 0.0086049
77 50000 0.5 0.008244
78 50000 0.5 0.0095548
79 50000 0.5 0.0096619
80 50000 0.5 0.0089585
81 50000 0.5 0.0097998
82 50000 0.5 0.0096288
83 50000 0.5 0.0092076
84 50000 0.5 0.0085104
85 50000 0.5 0.0082827
86 50000 0.5 0.0080093
87 50000 0.5 0.00839
88 50000 0.5 0.0087882
89 50000 0.5 0.0089318
90 50000 0.5 0.0086084
91 50000 0.5 0.0101113
92 50000 0.5 0.0077701
93 50000 0.5 0.0088481
94 50000 0.5 0.0084775
95 50000 0.5 0.0082164
96 50000 0.5 0.0084735
97 50000 0.5 0.0086828
98 50000 0.5 0.0097032
99 50000 0.5 0.0098527
0 50000 0.75 0.0073579
1 50000 0.75 0.007789
2 50000 0.75 0.0070065
3 50000 0.75 0.0071001
4 50000 0.75 0.0077715
5 50000 0.75 0.0076304
6 50000 0.75 0.0072559
7 50000 0.75 0.0074481
8 50000 0.75 0.0083166
9 50000 0.75 0.0090337
10 50000 0.75 0.0078474
11 50000 0.75 0.0081395
12 50000 0.75 0.007408
13 50000 0.75 0.0076322
14 50000 0.75 0.0070954
15 50000 0.75 0.0070987
16 50000 0.75 0.0070651
17 50000 0.75 0.0069649
18 50000 0.75 0.0072193
19 50000 0.75 0.0075385
20 50000 0.75 0.0071009
21 50000 0.75 0.0074345
22 50000 0.75 0.0086416
23 50000 0.75 0.0079239
24 50000 0.75 0.0073438
25 50000 0.75 0.0075253
26 50000 0.75 0.0075305
27 50000 0.75 0.007381
28 50000 0.75 0.0074945
29 50000 0.75 0.0078021
30 50000 0.75 0.0079728
31 50000 0.75 0.0092619
32 50000 0.75 0.0101809
33 50000 0.75 0.0079991
34 50000 0.75 0.0079999
35 50000 0.75 0.0072407
36 50000 0.75 0.0078773
37 50000 0.75 0.008103
38 50000 0.75 0.0073459
39 50000 0.75 0.0085913
40 50000 0.75 0.0075151
41 50000 0.75 0.007863
42 50000 0.75 0.0078966
43 50000 0.75 0.0082978
44 50000 0.75 0.0074423
45 50000 0.75 0.0078495
46 50000 0.75 0.0076125
47 50000 0.75 0.0072723
48 50000 0.75 0.0078252
49 50000 0.75 0.0080392
50 50000 0.75 0.007591
51 50000 0.75 0.0073131
52 50000 0.75 0.0083152
53 50000 0.75 0.0082051
54 50000 0.75 0.0078825
55 50000 0.75 0.0074919
56 50000 0.75 0.0073923
57 50000 0.75 0.0070105
58 50000 0.75 0.0080133
59 50000 0.75 0.0083211
60 50000 0.75 0.007602
61 50000 0.75 0.0084144
62 50000 0.75 0.008052
63 50000 0.75 0.0076031
64 50000 0.75 0.0073464
65 50000 0.75 0.0072992
66 50000 0.75 0.0073091
67 50000 0.75 0.0072233
68 50000 0.75 0.0074434
69 50000 0.75 0.0081698
70 50000 0.75 0.0079673
71 50000 0.75 0.0075472
72 50000 0.75 0.0072362
73 50000 0.75 0.0074341
74 50000 0.75 0.0082499
75 50000 0.75 0.0072333
76 50000 0.75 0.0075334
77 50000 0.75 0.0074091
78 50000 0.75 0.0079451
79 50000 0.75 0.0071732
80 50000 0.75 0.0088984
81 50000 0.75 0.0071436
82 50000 0.75 0.0091179
83 50000 0.75 0.0081345
84 50000 0.75 0.0072814
85 50000 0.75 0.0074
86 50000 0.75 0.0073386
87 50000 0.75 0.0074327
88 50000 0.75 0.007699
89 50000 0.75 0.0070984
90 50000 0.75 0.0085108
91 50000 0.75 0.0075986
92 50000 0.75 0.007598
93 50000 0.75 0.0074218
94 50000 0.75 0.0076425
95 50000 0.75 0.0073755
96 50000 0.75 0.0078368
97 50000 0.75 0.0077234
98 50000 0.75 0.0094603
99 50000 0.75 0.0107949
0 50000 0.95 0.0095042
1 50000 0.95 0.0071636
2 50000 0.95 0.0070921
3 50000 0.95 0.0067118
4 50000 0.95 0.0069972
5 50000 0.95 0.0066224
6 50000 0.95 0.006711
7 50000 0.95 0.0069627
8 50000 0.95 0.006831
9 50000 0.95 0.0064598
10 50000 0.95 0.0066163
11 50000 0.95 0.0070717
12 50000 0.95 0.0070392
13 50000 0.95 0.0069496
14 50000 0.95 0.0068067
15 50000 0.95 0.006811
16 50000 0.95 0.0068544
17 50000 0.95 0.0070097
18 50000 0.95 0.0068672
19 50000 0.95 0.0066709
20 50000 0.95 0.0067366
21 50000 0.95 0.0071279
22 50000 0.95 0.0078571
23 50000 0.95 0.0070086
24 50000 0.95 0.0069346
25 50000 0.95 0.0075064
26 50000 0.95 0.0071607
27 50000 0.95 0.0074474
28 50000 0.95 0.0077485
29 50000 0.95 0.0079908
30 50000 0.95 0.0081384
31 50000 0.95 0.0086675
32 50000 0.95 0.0074327
33 50000 0.95 0.0080815
34 50000 0.95 0.0072672
35 50000 0.95 0.0068373
36 50000 0.95 0.0067045
37 50000 0.95 0.0068011
38 50000 0.95 0.0067906
39 50000 0.95 0.0068515
40 50000 0.95 0.0068858
41 50000 0.95 0.0064464
42 50000 0.95 0.0071421
43 50000 0.95 0.0063447
44 50000 0.95 0.0073727
45 50000 0.95 0.0072938
46 50000 0.95 0.0068777
47 50000 0.95 0.0067756
48 50000 0.95 0.0068503
49 50000 0.95 0.0070958
50 50000 0.95 0.00697
51 50000 0.95 0.0065473
52 50000 0.95 0.0070954
53 50000 0.95 0.0064401
54 50000 0.95 0.0072799
55 50000 0.95 0.0064996
56 50000 0.95 0.0065653
57 50000 0.95 0.0068183
58 50000 0.95 0.0066042
59 50000 0.95 0.0070776
60 50000 0.95 0.0068605
61 50000 0.95 0.007311
62 50000 0.95 0.0063749
63 50000 0.95 0.0065484
64 50000 0.95 0.0072366
65 50000 0.95 0.0078648
66 50000 0.95 0.0065696
67 50000 0.95 0.0069192
68 50000 0.95 0.0070283
69 50000 0.95 0.0066193
70 50000 0.95 0.0068638
71 50000 0.95 0.0072354
72 50000 0.95 0.0065295
73 50000 0.95 0.0065837
74 50000 0.95 0.0067665
75 50000 0.95 0.006536
76 50000 0.95 0.0062764
77 50000 0.95 0.0067165
78 50000 0.95 0.0070812
79 50000 0.95 0.007087
80 50000 0.95 0.0063187
81 50000 0.95 0.0068481
82 50000 0.95 0.0068982
83 50000 0.95 0.0065874
84 50000 0.95 0.0071104
85 50000 0.95 0.0064641
86 50000 0.95 0.0064422
87 50000 0.95 0.0071163
88 50000 0.95 0.0072173
89 50000 0.95 0.0068803
90 50000 0.95 0.0065408
91 50000 0.95 0.00816
92 50000 0.95 0.0066305
93 50000 0.95 0.0073689
94 50000 0.95 0.0064838
95 50000 0.95 0.0069069
96 50000 0.95 0.0066297
97 50000 0.95 0.0064223
98 50000 0.95 0.006795
99 50000 0.95 0.009872
0 50000 0.99 0.0067953
1 50000 0.99 0.0069302
2 50000 0.99 0.0096127
3 50000 0.99 0.0072942
4 50000 0.99 0.0076745
5 50000 0.99 0.0069104
6 50000 0.99 0.0103858
7 50000 0.99 0.0075603
8 50000 0.99 0.0074554
9 50000 0.99 0.0087561
10 50000 0.99 0.0076743
11 50000 0.99 0.0076136
12 50000 0.99 0.0072074
13 50000 0.99 0.0079309
14 50000 0.99 0.0073886
15 50000 0.99 0.0105501
16 50000 0.99 0.007211
17 50000 0.99 0.0070677
18 50000 0.99 0.0068362
19 50000 0.99 0.0068846
20 50000 0.99 0.0071159
21 50000 0.99 0.0065889
22 50000 0.99 0.0071622
23 50000 0.99 0.0080702
24 50000 0.99 0.0085279
25 50000 0.99 0.0067556
26 50000 0.99 0.0071447
27 50000 0.99 0.0068431
28 50000 0.99 0.0071245
29 50000 0.99 0.0066333
30 50000 0.99 0.0070334
31 50000 0.99 0.0072122
32 50000 0.99 0.0067184
33 50000 0.99 0.0068153
34 50000 0.99 0.0064025
35 50000 0.99 0.0067363
36 50000 0.99 0.0070124
37 50000 0.99 0.0076796
38 50000 0.99 0.0064842
39 50000 0.99 0.0069495
40 50000 0.99 0.0067307
41 50000 0.99 0.0065598
42 50000 0.99 0.0073703
43 50000 0.99 0.0067172
44 50000 0.99 0.0065181
45 50000 0.99 0.0069254
46 50000 0.99 0.0076311
47 50000 0.99 0.006722
48 50000 0.99 0.0063168
49 50000 0.99 0.0065667
50 50000 0.99 0.0072286
51 50000 0.99 0.0072942
52 50000 0.99 0.0067759
53 50000 0.99 0.0072348
54 50000 0.99 0.0068008
55 50000 0.99 0.0062887
56 50000 0.99 0.0067909
57 50000 0.99 0.0064189
58 50000 0.99 0.0065666
59 50000 0.99 0.0067202
60 50000 0.99 0.006876
61 50000 0.99 0.0064466
62 50000 0.99 0.0066149
63 50000 0.99 0.0064007
64 50000 0.99 0.0063508
65 50000 0.99 0.0067411
66 50000 0.99 0.0063778
67 50000 0.99 0.0063301
68 50000 0.99 0.006915
69 50000 0.99 0.0081201
70 50000 0.99 0.0066505
71 50000 0.99 0.0063737
72 50000 0.99 0.0064763
73 50000 0.99 0.007056
74 50000 0.99 0.0062748
75 50000 0.99 0.0067319
76 50000 0.99 0.0063133
77 50000 0.99 0.0069543
78 50000 0.99 0.0065611
79 50000 0.99 0.0063927
80 50000 0.99 0.0067099
81 50000 0.99 0.0066174
82 50000 0.99 0.006528
83 50000 0.99 0.0075633
84 50000 0.99 0.0064514
85 50000 0.99 0.006446
86 50000 0.99 0.0073073
87 50000 0.99 0.0066318
88 50000 0.99 0.0065091
89 50000 0.99 0.0067446
90 50000 0.99 0.0064084
91 50000 0.99 0.0062873
92 50000 0.99 0.0066097
93 50000 0.99 0.0067005
94 50000 0.99 0.0063012
95 50000 0.99 0.0067301
96 50000 0.99 0.0066384
97 50000 0.99 0.007067
98 50000 0.99 0.006707
99 50000 0.99 0.0097262
0 50000 0.997 0.0067622
1 50000 0.997 0.0072569
2 50000 0.997 0.0075662
3 50000 0.997 0.0069338
4 50000 0.997 0.0067194
5 50000 0.997 0.0068164
6 50000 0.997 0.0067416
7 50000 0.997 0.0066916
8 50000 0.997 0.0066717
9 50000 0.997 0.0065251
10 50000 0.997 0.0084834
11 50000 0.997 0.0076413
12 50000 0.997 0.006897
13 50000 0.997 0.0071636
14 50000 0.997 0.0067793
15 50000 0.997 0.0070039
16 50000 0.997 0.0067609
17 50000 0.997 0.0069172
18 50000 0.997 0.0070751
19 50000 0.997 0.0067946
20 50000 0.997 0.007897
21 50000 0.997 0.0075166
22 50000 0.997 0.0082354
23 50000 0.997 0.0091196
24 50000 0.997 0.0071837
25 50000 0.997 0.0073391
26 50000 0.997 0.0073682
27 50000 0.997 0.0069594
28 50000 0.997 0.0067367
29 50000 0.997 0.0066425
30 50000 0.997 0.0066614
31 50000 0.997 0.0071119
32 50000 0.997 0.0065087
33 50000 0.997 0.0065681
34 50000 0.997 0.0071327
35 50000 0.997 0.0071789
36 50000 0.997 0.0067406
37 50000 0.997 0.0063999
38 50000 0.997 0.0063007
39 50000 0.997 0.0069693
40 50000 0.997 0.0073186
41 50000 0.997 0.0066643
42 50000 0.997 0.0069448
43 50000 0.997 0.0069306
44 50000 0.997 0.007983
45 50000 0.997 0.0074434
46 50000 0.997 0.0071531
47 50000 0.997 0.0068988
48 50000 0.997 0.0067248
49 50000 0.997 0.0074277
50 50000 0.997 0.0075239
51 50000 0.997 0.0069339
52 50000 0.997 0.0066837
53 50000 0.997 0.0068044
54 50000 0.997 0.0068281
55 50000 0.997 0.0068638
56 50000 0.997 0.0065835
57 50000 0.997 0.0064539
58 50000 0.997 0.0061747
59 50000 0.997 0.0064639
60 50000 0.997 0.006365
61 50000 0.997 0.0063763
62 50000 0.997 0.0063649
63 50000 0.997 0.0064383
64 50000 0.997 0.0078152
65 50000 0.997 0.00709
66 50000 0.997 0.0063708
67 50000 0.997 0.0066794
68 50000 0.997 0.0064755
69 50000 0.997 0.0069335
70 50000 0.997 0.0065561
71 50000 0.997 0.0065593
72 50000 0.997 0.0066005
73 50000 0.997 0.0072325
74 50000 0.997 0.0074571
75 50000 0.997 0.00661
76 50000 0.997 0.0078601
77 50000 0.997 0.0066472
78 50000 0.997 0.006901
79 50000 0.997 0.0069681
80 50000 0.997 0.0072654
81 50000 0.997 0.0068803
82 50000 0.997 0.0068081
83 50000 0.997 0.0064765
84 50000 0.997 0.0063657
85 50000 0.997 0.0074604
86 50000 0.997 0.0077971
87 50000 0.997 0.0064948
88 50000 0.997 0.0069488
89 50000 0.997 0.0068876
90 50000 0.997 0.0064633
91 50000 0.997 0.0065514
92 50000 0.997 0.0070031
93 50000 0.997 0.0062301
94 50000 0.997 0.0065375
95 50000 0.997 0.0064657
96 50000 0.997 0.0064967
97 50000 0.997 0.0066283
98 50000 0.997 0.0064285
99 50000 0.997 0.010453
0 100000 -1 0.0135537
1 100000 -1 0.0161962
2 100000 -1 0.0147952
3 100000 -1 0.0148585
4 100000 -1 0.0172366
5 100000 -1 0.0160117
6 100000 -1 0.0136719
7 100000 -1 0.0135746
8 100000 -1 0.0132982
9 100000 -1 0.0138819
10 100000 -1 0.0135958
11 100000 -1 0.0130778
12 100000 -1 0.0129113
13 100000 -1 0.0130224
14 100000 -1 0.0126147
15 100000 -1 0.0129386
16 100000 -1 0.0125728
17 100000 -1 0.0134513
18 100000 -1 0.0124828
19 100000 -1 0.0129035
20 100000 -1 0.0128032
21 100000 -1 0.013095
22 100000 -1 0.0131373
23 100000 -1 0.0125874
24 100000 -1 0.0128259
25 100000 -1 0.0131768
26 100000 -1 0.0132037
27 100000 -1 0.0128223
28 100000 -1 0.0128901
29 100000 -1 0.0129178
30 100000 -1 0.0164916
31 100000 -1 0.0167666
32 100000 -1 0.0134717
33 100000 -1 0.0130035
34 100000 -1 0.0142809
35 100000 -1 0.0168107
36 100000 -1 0.016035
37 100000 -1 0.0127445
38 100000 -1 0.0135698
39 100000 -1 0.0131552
40 100000 -1 0.0129258
41 100000 -1 0.0149461
42 100000 -1 0.0135603
43 100000 -1 0.0139812
44 100000 -1 0.0136628
45 100000 -1 0.013254
46 100000 -1 0.0134878
47 100000 -1 0.0126585
48 100000 -1 0.0125509
49 100000 -1 0.0143294
50 100000 -1 0.0158217
51 100000 -1 0.0127383
52 100000 -1 0.0159591
53 100000 -1 0.0178817
54 100000 -1 0.0130958
55 100000 -1 0.0127251
56 100000 -1 0.0136584
57 100000 -1 0.0159701
58 100000 -1 0.0158632
59 100000 -1 0.0154334
60 100000 -1 0.014289
61 100000 -1 0.0135136
62 100000 -1 0.0122784
63 100000 -1 0.0127572
64 100000 -1 0.0163151
65 100000 -1 0.0142602
66 100000 -1 0.0129762
67 100000 -1 0.0123241
68 100000 -1 0.012463
69 100000 -1 0.0149574
70 100000 -1 0.0143859
71 100000 -1 0.0147427
72 100000 -1 0.0149494
73 100000 -1 0.0127318
74 100000 -1 0.0132872
75 100000 -1 0.014921
76 100000 -1 0.0147083
77 100000 -1 0.0128514
78 100000 -1 0.0143812
79 100000 -1 0.0146755
80 100000 -1 0.0128069
81 100000 -1 0.0130122
82 100000 -1 0.0131438
83 100000 -1 0.013685
84 100000 -1 0.0123558
85 100000 -1 0.013367
86 100000 -1 0.0127226
87 100000 -1 0.0128376
88 100000 -1 0.0130892
89 100000 -1 0.0128394
90 100000 -1 0.0167828
91 100000 -1 0.0168683
92 100000 -1 0.0128503
93 100000 -1 0.0130571
94 100000 -1 0.0143764
95 100000 -1 0.0122975
96 100000 -1 0.0137967
97 100000 -1 0.0133883
98 100000 -1 0.0138736
99 100000 -1 0.0199643
0 100000 1 0.0209372
1 100000 1 0.0215236
2 100000 1 0.0200548
3 100000 1 0.0209628
4 100000 1 0.0212189
5 100000 1 0.0216582
6 100000 1 0.0205833
7 100000 1 0.0201095
8 100000 1 0.0208439
9 100000 1 0.0205416
10 100000 1 0.0223387
11 100000 1 0.0198182
12 100000 1 0.0215353
13 100000 1 0.0220739
14 100000 1 0.0201696
15 100000 1 0.0198787
16 100000 1 0.0206509
17 100000 1 0.0204614
18 100000 1 0.0207141
19 100000 1 0.0205051
20 100000 1 0.020686
21 100000 1 0.0293214
22 100000 1 0.0206371
23 100000 1 0.020244
24 100000 1 0.0208826
25 100000 1 0.0212214
26 100000 1 0.0213833
27 100000 1 0.0200457
28 100000 1 0.0205853
29 100000 1 0.0209982
30 100000 1 0.0219127
31 100000 1 0.0199398
32 100000 1 0.0208577
33 100000 1 0.0202805
34 100000 1 0.020441
35 100000 1 0.0202444
36 100000 1 0.020894
37 100000 1 0.0216108
38 100000 1 0.0209446
39 100000 1 0.0219952
40 100000 1 0.021753
41 100000 1 0.0231104
42 100000 1 0.0206572
43 100000 1 0.0202765
44 100000 1 0.0205088
45 100000 1 0.0205227
46 100000 1 0.0204304
47 100000 1 0.0202863
48 100000 1 0.0208622
49 100000 1 0.0206918
50 100000 1 0.0203863
51 100000 1 0.0208184
52 100000 1 0.0206791
53 100000 1 0.0215062
54 100000 1 0.0206043
55 100000 1 0.0203264
56 100000 1 0.0219889
57 100000 1 0.0205489
58 100000 1 0.0205817
59 100000 1 0.0209917
60 100000 1 0.0207152
61 100000 1 0.0205259
62 100000 1 0.0209494
63 100000 1 0.0212131
64 100000 1 0.0208881
65 100000 1 0.0203563
66 100000 1 0.0203039
67 100000 1 0.0203623
68 100000 1 0.0198353
69 100000 1 0.0201164
70 100000 1 0.0212169
71 100000 1 0.0205999
72 100000 1 0.0199625
73 100000 1 0.0207658
74 100000 1 0.0227566
75 100000 1 0.0202127
76 100000 1 0.0202039
77 100000 1 0.0212024
78 100000 1 0.0198871
79 100000 1 0.0199031
80 100000 1 0.0211561
81 100000 1 0.0201124
82 100000 1 0.0210022
83 100000 1 0.020108
84 100000 1 0.0207312
85 100000 1 0.020819
86 100000 1 0.0220059
87 100000 1 0.0221797
88 100000 1 0.0210452
89 100000 1 0.0201627
90 100000 1 0.0208913
91 100000 1 0.0210117
92 100000 1 0.0202525
93 100000 1 0.0209424
94 100000 1 0.0205748
95 100000 1 0.0214405
96 100000 1 0.0202841
97 100000 1 0.020406
98 100000 1 0.0206145
99 100000 1 0.0221038
0 100000 0.25 0.0181839
1 100000 0.25 0.018165
2 100000 0.25 0.0186472
3 100000 0.25 0.0191591
4 100000 0.25 0.0186622
5 100000 0.25 0.0189222
6 100000 0.25 0.0188393
7 100000 0.25 0.0190716
8 100000 0.25 0.0195016
9 100000 0.25 0.0197265
10 100000 0.25 0.0183995
11 100000 0.25 0.0183594
12 100000 0.25 0.0189483
13 100000 0.25 0.0198122
14 100000 0.25 0.0183404
15 100000 0.25 0.0233363
16 100000 0.25 0.0184335
17 100000 0.25 0.0188427
18 100000 0.25 0.020852
19 100000 0.25 0.0192767
20 100000 0.25 0.0192336
21 100000 0.25 0.0195468
22 100000 0.25 0.0205161
23 100000 0.25 0.0187441
24 100000 0.25 0.0188864
25 100000 0.25 0.0191453
26 100000 0.25 0.0188677
27 100000 0.25 0.0198414
28 100000 0.25 0.0189998
29 100000 0.25 0.0186374
30 100000 0.25 0.0187642
31 100000 0.25 0.0192944
32 100000 0.25 0.0190048
33 100000 0.25 0.0201908
34 100000 0.25 0.0207028
35 100000 0.25 0.0206454
36 100000 0.25 0.0180101
37 100000 0.25 0.0189786
38 100000 0.25 0.0186836
39 100000 0.25 0.018739
40 100000 0.25 0.0191792
41 100000 0.25 0.0202776
42 100000 0.25 0.0189268
43 100000 0.25 0.0182759
44 100000 0.25 0.0189975
45 100000 0.25 0.0190023
46 100000 0.25 0.0196383
47 100000 0.25 0.0190825
48 100000 0.25 0.0190472
49 100000 0.25 0.0196784
50 100000 0.25 0.0274295
51 100000 0.25 0.0193721
52 100000 0.25 0.0184959
53 100000 0.25 0.0192922
54 100000 0.25 0.0190107
55 100000 0.25 0.0185429
56 100000 0.25 0.0191565
57 100000 0.25 0.0188951
58 100000 0.25 0.0187266
59 100000 0.25 0.0201757
60 100000 0.25 0.0192358
61 100000 0.25 0.0183442
62 100000 0.25 0.019099
63 100000 0.25 0.0193429
64 100000 0.25 0.0191602
65 100000 0.25 0.0199213
66 100000 0.25 0.0190658
67 100000 0.25 0.0188947
68 100000 0.25 0.0196201
69 100000 0.25 0.0189891
70 100000 0.25 0.0186358
71 100000 0.25 0.0200886
72 100000 0.25 0.0184867
73 100000 0.25 0.0192795
74 100000 0.25 0.019483
75 100000 0.25 0.0196595
76 100000 0.25 0.0194305
77 100000 0.25 0.0187041
78 100000 0.25 0.0194053
79 100000 0.25 0.0193714
80 100000 0.25 0.0189684
81 100000 0.25 0.0186865
82 100000 0.25 0.0226969
83 100000 0.25 0.0207655
84 100000 0.25 0.0206503
85 100000 0.25 0.0209737
86 100000 0.25 0.0186687
87 100000 0.25 0.0210784
88 100000 0.25 0.0194089
89 100000 0.25 0.0198933
90 100000 0.25 0.020131
91 100000 0.25 0.0189732
92 100000 0.25 0.0195234
93 100000 0.25 0.0191417
94 100000 0.25 0.0204738
95 100000 0.25 0.0190745
96 100000 0.25 0.0191036
97 100000 0.25 0.0188743
98 100000 0.25 0.0187612
99 100000 0.25 0.0203848
0 100000 0.5 0.0170771
1 100000 0.5 0.0175116
2 100000 0.5 0.0175827
3 100000 0.5 0.0175452
4 100000 0.5 0.016729
5 100000 0.5 0.0176414
6 100000 0.5 0.0172217
7 100000 0.5 0.0170732
8 100000 0.5 0.0177263
9 100000 0.5 0.0183543
10 100000 0.5 0.0173175
11 100000 0.5 0.0188072
12 100000 0.5 0.0170353
13 100000 0.5 0.0176796
14 100000 0.5 0.0179397
15 100000 0.5 0.0188426
16 100000 0.5 0.0183317
17 100000 0.5 0.017866
18 100000 0.5 0.016915
19 100000 0.5 0.0172945
20 100000 0.5 0.0176059
21 100000 0.5 0.017161
22 100000 0.5 0.0179743
23 100000 0.5 0.0172909
24 100000 0.5 0.0171571
25 100000 0.5 0.0171877
26 100000 0.5 0.0173143
27 100000 0.5 0.0185553
28 100000 0.5 0.0167362
29 100000 0.5 0.0181405
30 100000 0.5 0.0169153
31 100000 0.5 0.0182074
32 100000 0.5 0.0176063
33 100000 0.5 0.0178777
34 100000 0.5 0.0170984
35 100000 0.5 0.0170203
36 100000 0.5 0.0173288
37 100000 0.5 0.0181089
38 100000 0.5 0.0178325
39 100000 0.5 0.0178558
40 100000 0.5 0.0174274
41 100000 0.5 0.0173853
42 100000 0.5 0.017339
43 100000 0.5 0.0172709
44 100000 0.5 0.0179521
45 100000 0.5 0.0171706
46 100000 0.5 0.0178019
47 100000 0.5 0.0181877
48 100000 0.5 0.0187383
49 100000 0.5 0.0176261
50 100000 0.5 0.0173763
51 100000 0.5 0.0174298
52 100000 0.5 0.0168162
53 100000 0.5 0.0166472
54 100000 0.5 0.0180141
55 100000 0.5 0.0173865
56 100000 0.5 0.0174328
57 100000 0.5 0.0175711
58 100000 0.5 0.0176731
59 100000 0.5 0.0173475
60 100000 0.5 0.0179269
61 100000 0.5 0.0179882
62 100000 0.5 0.0186231
63 100000 0.5 0.0169675
64 100000 0.5 0.0174798
65 100000 0.5 0.0176192
66 100000 0.5 0.0174419
67 100000 0.5 0.017509
68 100000 0.5 0.0175892
69 100000 0.5 0.0188317
70 100000 0.5 0.0195034
71 100000 0.5 0.0178073
72 100000 0.5 0.0273898
73 100000 0.5 0.017357
74 100000 0.5 0.0168496
75 100000 0.5 0.0171582
76 100000 0.5 0.0168672
77 100000 0.5 0.0187252
78 100000 0.5 0.0165141
79 100000 0.5 0.0179419
80 100000 0.5 0.0173318
81 100000 0.5 0.0180228
82 100000 0.5 0.0165576
83 100000 0.5 0.0166366
84 100000 0.5 0.0176997
85 100000 0.5 0.016978
86 100000 0.5 0.0171585
87 100000 0.5 0.017394
88 100000 0.5 0.0189144
89 100000 0.5 0.0168321
90 100000 0.5 0.0181929
91 100000 0.5 0.016916
92 100000 0.5 0.017803
93 100000 0.5 0.0166575
94 100000 0.5 0.0171447
95 100000 0.5 0.0174536
96 100000 0.5 0.0178294
97 100000 0.5 0.0179317
98 100000 0.5 0.0174441
99 100000 0.5 0.0206379
0 100000 0.75 0.0154537
1 100000 0.75 0.0214504
2 100000 0.75 0.0187893
3 100000 0.75 0.016361
4 100000 0.75 0.0179849
5 100000 0.75 0.0146179
6 100000 0.75 0.015627
7 100000 0.75 0.0153349
8 100000 0.75 0.0154315
9 100000 0.75 0.0155781
10 100000 0.75 0.0157765
11 100000 0.75 0.0159712
12 100000 0.75 0.0158012
13 100000 0.75 0.0160398
14 100000 0.75 0.0153925
15 100000 0.75 0.0157239
16 100000 0.75 0.0148986
17 100000 0.75 0.0167165
18 100000 0.75 0.0157449
19 100000 0.75 0.0158059
20 100000 0.75 0.0156857
21 100000 0.75 0.0155879
22 100000 0.75 0.0147521
23 100000 0.75 0.0159704
24 100000 0.75 0.015673
25 100000 0.75 0.0154709
26 100000 0.75 0.0155179
27 100000 0.75 0.0153217
28 100000 0.75 0.015368
29 100000 0.75 0.0155547
30 100000 0.75 0.0161746
31 100000 0.75 0.0154617
32 100000 0.75 0.0156908
33 100000 0.75 0.0153895
34 100000 0.75 0.0153213
35 100000 0.75 0.0161827
36 100000 0.75 0.0157123
37 100000 0.75 0.0149639
38 100000 0.75 0.0155336
39 100000 0.75 0.0165177
40 100000 0.75 0.0149329
41 100000 0.75 0.0159402
42 100000 0.75 0.0160135
43 100000 0.75 0.0148112
44 100000 0.75 0.0158337
45 100000 0.75 0.0152604
46 100000 0.75 0.0152148
47 100000 0.75 0.0154887
48 100000 0.75 0.0148355
49 100000 0.75 0.0158917
50 100000 0.75 0.0153513
51 100000 0.75 0.0169696
52 100000 0.75 0.0148436
53 100000 0.75 0.0160949
54 100000 0.75 0.0151324
55 100000 0.75 0.0151535
56 100000 0.75 0.0149814
57 100000 0.75 0.0161013
58 100000 0.75 0.0166239
59 100000 0.75 0.0156272
60 100000 0.75 0.0151792
61 100000 0.75 0.0157742
62 100000 0.75 0.0161703
63 100000 0.75 0.0169367
64 100000 0.75 0.0158698
65 100000 0.75 0.0166586
66 100000 0.75 0.0152892
67 100000 0.75 0.0158056
68 100000 0.75 0.0151094
69 100000 0.75 0.0152331
70 100000 0.75 0.0149089
71 100000 0.75 0.0147933
72 100000 0.75 0.0148388
73 100000 0.75 0.0164471
74 100000 0.75 0.0158191
75 100000 0.75 0.0154271
76 100000 0.75 0.0154508
77 100000 0.75 0.0149078
78 100000 0.75 0.0150978
79 100000 0.75 0.0154275
80 100000 0.75 0.0152116
81 100000 0.75 0.0148746
82 100000 0.75 0.0157444
83 100000 0.75 0.0150461
84 100000 0.75 0.0155711
85 100000 0.75 0.0278988
86 100000 0.75 0.0152764
87 100000 0.75 0.0149927
88 100000 0.75 0.0150219
89 100000 0.75 0.0150409
90 100000 0.75 0.0147283
91 100000 0.75 0.0163223
92 100000 0.75 0.0149217
93 100000 0.75 0.0159726
94 100000 0.75 0.0155974
95 100000 0.75 0.0157392
96 100000 0.75 0.0150428
97 100000 0.75 0.0155853
98 100000 0.75 0.0159799
99 100000 0.75 0.0202864
0 100000 0.95 0.0147423
1 100000 0.95 0.014534
2 100000 0.95 0.0148637
3 100000 0.95 0.014589
4 100000 0.95 0.0142156
5 100000 0.95 0.0146663
6 100000 0.95 0.0136599
7 100000 0.95 0.014673
8 100000 0.95 0.0143457
9 100000 0.95 0.0137478
10 100000 0.95 0.0140332
11 100000 0.95 0.0136683
12 100000 0.95 0.014297
13 100000 0.95 0.0132176
14 100000 0.95 0.0136759
15 100000 0.95 0.0136992
16 100000 0.95 0.0137685
17 100000 0.95 0.013704
18 100000 0.95 0.0157607
19 100000 0.95 0.0142228
20 100000 0.95 0.0140647
21 100000 0.95 0.0139341
22 100000 0.95 0.0138495
23 100000 0.95 0.0138696
24 100000 0.95 0.0137485
25 100000 0.95 0.0138447
26 100000 0.95 0.0138966
27 100000 0.95 0.014666
28 100000 0.95 0.0134768
29 100000 0.95 0.0140067
30 100000 0.95 0.0139297
31 100000 0.95 0.0139024
32 100000 0.95 0.0139393
33 100000 0.95 0.0140975
34 100000 0.95 0.0137733
35 100000 0.95 0.0138352
36 100000 0.95 0.0141894
37 100000 0.95 0.0142839
38 100000 0.95 0.0143907
39 100000 0.95 0.0135438
40 100000 0.95 0.0142236
41 100000 0.95 0.0139414
42 100000 0.95 0.0140008
43 100000 0.95 0.0145235
44 100000 0.95 0.0139688
45 100000 0.95 0.0134651
46 100000 0.95 0.0143557
47 100000 0.95 0.0135381
48 100000 0.95 0.0134133
49 100000 0.95 0.01533
50 100000 0.95 0.0134397
51 100000 0.95 0.01375
52 100000 0.95 0.0142562
53 100000 0.95 0.0133175
54 100000 0.95 0.0135735
55 100000 0.95 0.0136169
56 100000 0.95 0.0140961
57 100000 0.95 0.0143619
58 100000 0.95 0.0140738
59 100000 0.95 0.0136647
60 100000 0.95 0.0144862
61 100000 0.95 0.0136482
62 100000 0.95 0.0146758
63 100000 0.95 0.0133207
64 100000 0.95 0.0141179
65 100000 0.95 0.0138488
66 100000 0.95 0.0145672
67 100000 0.95 0.0140104
68 100000 0.95 0.0150456
69 100000 0.95 0.0149971
70 100000 0.95 0.0149454
71 100000 0.95 0.0155628
72 100000 0.95 0.014301
73 100000 0.95 0.0142944
74 100000 0.95 0.0137357
75 100000 0.95 0.0135793
76 100000 0.95 0.0140413
77 100000 0.95 0.0141197
78 100000 0.95 0.0141905
79 100000 0.95 0.0146033
80 100000 0.95 0.0151908
81 100000 0.95 0.0141219
82 100000 0.95 0.0138485
83 100000 0.95 0.0135699
84 100000 0.95 0.0140559
85 100000 0.95 0.0144963
86 100000 0.95 0.0145715
87 100000 0.95 0.0139236
88 100000 0.95 0.0141252
89 100000 0.95 0.0140661
90 100000 0.95 0.0137489
91 100000 0.95 0.0136534
92 100000 0.95 0.0138302
93 100000 0.95 0.0187656
94 100000 0.95 0.014162
95 100000 0.95 0.0137262
96 100000 0.95 0.0141234
97 100000 0.95 0.0138454
98 100000 0.95 0.0139342
99 100000 0.95 0.0211123
0 100000 0.99 0.013669
1 100000 0.99 0.0142225
2 100000 0.99 0.016489
3 100000 0.99 0.0165174
4 100000 0.99 0.0140847
5 100000 0.99 0.0146426
6 100000 0.99 0.0134579
7 100000 0.99 0.0138947
8 100000 0.99 0.0133897
9 100000 0.99 0.0138732
10 100000 0.99 0.0134532
11 100000 0.99 0.0137112
12 100000 0.99 0.0134513
13 100000 0.99 0.0140887
14 100000 0.99 0.0134462
15 100000 0.99 0.0137964
16 100000 0.99 0.0132431
17 100000 0.99 0.0138246
18 100000 0.99 0.0137267
19 100000 0.99 0.0136456
20 100000 0.99 0.0142708
21 100000 0.99 0.0141453
22 100000 0.99 0.0146532
23 100000 0.99 0.0138783
24 100000 0.99 0.0135967
25 100000 0.99 0.0140311
26 100000 0.99 0.0141326
27 100000 0.99 0.0138579
28 100000 0.99 0.0140296
29 100000 0.99 0.0135417
30 100000 0.99 0.0135858
31 100000 0.99 0.0137756
32 100000 0.99 0.0141288
33 100000 0.99 0.0137616
34 100000 0.99 0.0140858
35 100000 0.99 0.0137696
36 100000 0.99 0.0137897
37 100000 0.99 0.0137193
38 100000 0.99 0.0135745
39 100000 0.99 0.0136005
40 100000 0.99 0.0136865
41 100000 0.99 0.0136679
42 100000 0.99 0.0145089
43 100000 0.99 0.013553
44 100000 0.99 0.0136606
45 100000 0.99 0.0137978
46 100000 0.99 0.0134962
47 100000 0.99 0.0140446
48 100000 0.99 0.0143512
49 100000 0.99 0.0132266
50 100000 0.99 0.0144148
51 100000 0.99 0.0135224
52 100000 0.99 0.0139399
53 100000 0.99 0.0133627
54 100000 0.99 0.0140483
55 100000 0.99 0.0131279
56 100000 0.99 0.0141552
57 100000 0.99 0.013552
58 100000 0.99 0.0136596
59 100000 0.99 0.0137885
60 100000 0.99 0.0140935
61 100000 0.99 0.0134973
62 100000 0.99 0.0141216
63 100000 0.99 0.0135027
64 100000 0.99 0.0134915
65 100000 0.99 0.0141318
66 100000 0.99 0.0145569
67 100000 0.99 0.0133157
68 100000 0.99 0.0192
69 100000 0.99 0.014506
70 100000 0.99 0.0146135
71 100000 0.99 0.0140272
72 100000 0.99 0.0152787
73 100000 0.99 0.0133058
74 100000 0.99 0.013502
75 100000 0.99 0.0142214
76 100000 0.99 0.0132442
77 100000 0.99 0.0138572
78 100000 0.99 0.0144968
79 100000 0.99 0.0131742
80 100000 0.99 0.0134841
81 100000 0.99 0.0138536
82 100000 0.99 0.0133106
83 100000 0.99 0.0142311
84 100000 0.99 0.0148433
85 100000 0.99 0.0138633
86 100000 0.99 0.0132759
87 100000 0.99 0.0134878
88 100000 0.99 0.0139232
89 100000 0.99 0.0144614
90 100000 0.99 0.0132063
91 100000 0.99 0.0141395
92 100000 0.99 0.0137004
93 100000 0.99 0.0146013
94 100000 0.99 0.0130532
95 100000 0.99 0.0135687
96 100000 0.99 0.0137653
97 100000 0.99 0.0214916
98 100000 0.99 0.0134812
99 100000 0.99 0.0206284
0 100000 0.997 0.0144045
1 100000 0.997 0.0148348
2 100000 0.997 0.0149286
3 100000 0.997 0.0152057
4 100000 0.997 0.0141267
5 100000 0.997 0.0144618
6 100000 0.997 0.013916
7 100000 0.997 0.0140202
8 100000 0.997 0.0130225
9 100000 0.997 0.0134867
10 100000 0.997 0.0143138
11 100000 0.997 0.0140377
12 100000 0.997 0.0139323
13 100000 0.997 0.0134735
14 100000 0.997 0.0136803
15 100000 0.997 0.0140454
16 100000 0.997 0.0134979
17 100000 0.997 0.0144797
18 100000 0.997 0.0136807
19 100000 0.997 0.0133393
20 100000 0.997 0.0140822
21 100000 0.997 0.0135807
22 100000 0.997 0.0139355
23 100000 0.997 0.0140385
24 100000 0.997 0.01351
25 100000 0.997 0.0145857
26 100000 0.997 0.0143952
27 100000 0.997 0.0135523
28 100000 0.997 0.0139589
29 100000 0.997 0.0135724
30 100000 0.997 0.0138423
31 100000 0.997 0.0137149
32 100000 0.997 0.0142623
33 100000 0.997 0.0137809
34 100000 0.997 0.0137227
35 100000 0.997 0.0139246
36 100000 0.997 0.0141916
37 100000 0.997 0.0132303
38 100000 0.997 0.0133642
39 100000 0.997 0.0137674
40 100000 0.997 0.0141022
41 100000 0.997 0.0137708
42 100000 0.997 0.0135756
43 100000 0.997 0.0134965
44 100000 0.997 0.0135378
45 100000 0.997 0.0136927
46 100000 0.997 0.014452
47 100000 0.997 0.0131479
48 100000 0.997 0.0137594
49 100000 0.997 0.0141168
50 100000 0.997 0.0136172
51 100000 0.997 0.0142798
52 100000 0.997 0.0133897
53 100000 0.997 0.0138014
54 100000 0.997 0.0136697
55 100000 0.997 0.0135501
56 100000 0.997 0.0137599
57 100000 0.997 0.0136253
58 100000 0.997 0.0135975
59 100000 0.997 0.0135497
60 100000 0.997 0.0137282
61 100000 0.997 0.0134361
62 100000 0.997 0.0145409
63 100000 0.997 0.0137317
64 100000 0.997 0.0147437
65 100000 0.997 0.0136143
66 100000 0.997 0.0136526
67 100000 0.997 0.0136106
68 100000 0.997 0.0145395
69 100000 0.997 0.0148863
70 100000 0.997 0.0147648
71 100000 0.997 0.0146481
72 100000 0.997 0.0144249
73 100000 0.997 0.0145518
74 100000 0.997 0.0137897
75 100000 0.997 0.0141332
76 100000 0.997 0.0138173
77 100000 0.997 0.0150624
78 100000 0.997 0.0142248
79 100000 0.997 0.0147236
80 100000 0.997 0.0136795
81 100000 0.997 0.0143203
82 100000 0.997 0.014341
83 100000 0.997 0.0138499
84 100000 0.997 0.0134776
85 100000 0.997 0.0138463
86 100000 0.997 0.0139458
87 100000 0.997 0.0136478
88 100000 0.997 0.0161535
89 100000 0.997 0.0147809
90 100000 0.997 0.0133062
91 100000 0.997 0.0135778
92 100000 0.997 0.0139946
93 100000 0.997 0.0133521
94 100000 0.997 0.0135096
95 100000 0.997 0.0136044
96 100000 0.997 0.0133607
97 100000 0.997 0.0143805
98 100000 0.997 0.0134443
99 100000 0.997 0.0207283
0 500000 -1 0.0674312
1 500000 -1 0.0775226
2 500000 -1 0.072508
3 500000 -1 0.0711895
4 500000 -1 0.0698763
5 500000 -1 0.0743082
6 500000 -1 0.0693213
7 500000 -1 0.0697526
8 500000 -1 0.0703603
9 500000 -1 0.0701188
10 500000 -1 0.0701694
11 500000 -1 0.0699
12 500000 -1 0.0698355
13 500000 -1 0.0696455
14 500000 -1 0.0693118
15 500000 -1 0.0734804
16 500000 -1 0.0698077
17 500000 -1 0.0696119
18 500000 -1 0.073892
19 500000 -1 0.0700816
20 500000 -1 0.0697158
21 500000 -1 0.0842541
22 500000 -1 0.0705349
23 500000 -1 0.0705421
24 500000 -1 0.0703522
25 500000 -1 0.0698588
26 500000 -1 0.071805
27 500000 -1 0.0713324
28 500000 -1 0.071335
29 500000 -1 0.0719184
30 500000 -1 0.0716917
31 500000 -1 0.0732144
32 500000 -1 0.0704225
33 500000 -1 0.0702475
34 500000 -1 0.0708336
35 500000 -1 0.0689332
36 500000 -1 0.0700904
37 500000 -1 0.0718192
38 500000 -1 0.0691079
39 500000 -1 0.0693289
40 500000 -1 0.0697792
41 500000 -1 0.0692574
42 500000 -1 0.0701484
43 500000 -1 0.0713863
44 500000 -1 0.0717332
45 500000 -1 0.0747093
46 500000 -1 0.0704516
47 500000 -1 0.0701155
48 500000 -1 0.078604
49 500000 -1 0.069346
50 500000 -1 0.0716176
51 500000 -1 0.0706913
52 500000 -1 0.0704412
53 500000 -1 0.0699711
54 500000 -1 0.0697483
55 500000 -1 0.0704642
56 500000 -1 0.0699088
57 500000 -1 0.0699988
58 500000 -1 0.0787524
59 500000 -1 0.0707894
60 500000 -1 0.0708463
61 500000 -1 0.0704448
62 500000 -1 0.0697056
63 500000 -1 0.0695952
64 500000 -1 0.0695233
65 500000 -1 0.07054
66 500000 -1 0.0696567
67 500000 -1 0.0700776
68 500000 -1 0.0696673
69 500000 -1 0.0694014
70 500000 -1 0.0705822
71 500000 -1 0.0720162
72 500000 -1 0.079869
73 500000 -1 0.0698734
74 500000 -1 0.0833618
75 500000 -1 0.0697042
76 500000 -1 0.0699305
77 500000 -1 0.0698868
78 500000 -1 0.0691681
79 500000 -1 0.0695379
80 500000 -1 0.0696753
81 500000 -1 0.0705794
82 500000 -1 0.070047
83 500000 -1 0.0695776
84 500000 -1 0.0717427
85 500000 -1 0.0741666
86 500000 -1 0.0737961
87 500000 -1 0.0716478
88 500000 -1 0.0712125
89 500000 -1 0.0690324
90 500000 -1 0.0700214
91 500000 -1 0.0695032
92 500000 -1 0.0704247
93 500000 -1 0.0693179
94 500000 -1 0.0715834
95 500000 -1 0.0704965
96 500000 -1 0.0700145
97 500000 -1 0.0700747
98 500000 -1 0.0730482
99 500000 -1 0.119976
0 500000 1 0.112558
1 500000 1 0.124181
2 500000 1 0.126219
3 500000 1 0.115012
4 500000 1 0.114672
5 500000 1 0.116365
6 500000 1 0.117931
7 500000 1 0.114237
8 500000 1 0.114905
9 500000 1 0.123999
10 500000 1 0.117021
11 500000 1 0.113837
12 500000 1 0.11237
13 500000 1 0.11092
14 500000 1 0.110895
15 500000 1 0.112742
16 500000 1 0.114631
17 500000 1 0.11398
18 500000 1 0.113542
19 500000 1 0.116256
20 500000 1 0.112651
21 500000 1 0.109753
22 500000 1 0.107939
23 500000 1 0.111536
24 500000 1 0.109489
25 500000 1 0.109841
26 500000 1 0.114956
27 500000 1 0.111065
28 500000 1 0.116848
29 500000 1 0.111114
30 500000 1 0.108873
31 500000 1 0.111316
32 500000 1 0.111724
33 500000 1 0.111252
34 500000 1 0.114272
35 500000 1 0.110279
36 500000 1 0.120447
37 500000 1 0.116367
38 500000 1 0.109105
39 500000 1 0.108669
40 500000 1 0.110651
41 500000 1 0.110132
42 500000 1 0.110124
43 500000 1 0.113314
44 500000 1 0.110271
45 500000 1 0.110631
46 500000 1 0.114707
47 500000 1 0.11208
48 500000 1 0.112477
49 500000 1 0.109999
50 500000 1 0.112818
51 500000 1 0.111804
52 500000 1 0.11295
53 500000 1 0.118228
54 500000 1 0.116749
55 500000 1 0.113342
56 500000 1 0.116058
57 500000 1 0.110438
58 500000 1 0.111023
59 500000 1 0.109429
60 500000 1 0.11385
61 500000 1 0.109448
62 500000 1 0.111017
63 500000 1 0.111085
64 500000 1 0.111172
65 500000 1 0.115529
66 500000 1 0.109556
67 500000 1 0.111246
68 500000 1 0.109723
69 500000 1 0.116371
70 500000 1 0.118664
71 500000 1 0.117913
72 500000 1 0.117961
73 500000 1 0.118057
74 500000 1 0.117903
75 500000 1 0.115683
76 500000 1 0.116802
77 500000 1 0.123497
78 500000 1 0.116512
79 500000 1 0.118698
80 500000 1 0.116642
81 500000 1 0.114855
82 500000 1 0.115961
83 500000 1 0.119671
84 500000 1 0.113345
85 500000 1 0.115709
86 500000 1 0.117875
87 500000 1 0.122142
88 500000 1 0.114707
89 500000 1 0.111433
90 500000 1 0.111237
91 500000 1 0.115296
92 500000 1 0.115421
93 500000 1 0.112812
94 500000 1 0.109527
95 500000 1 0.111128
96 500000 1 0.111141
97 500000 1 0.110882
98 500000 1 0.113642
99 500000 1 0.111963
0 500000 0.25 0.104513
1 500000 0.25 0.107846
2 500000 0.25 0.102824
3 500000 0.25 0.10256
4 500000 0.25 0.101992
5 500000 0.25 0.103262
6 500000 0.25 0.101862
7 500000 0.25 0.107923
8 500000 0.25 0.102221
9 500000 0.25 0.103506
10 500000 0.25 0.100849
11 500000 0.25 0.10789
12 500000 0.25 0.101495
13 500000 0.25 0.100413
14 500000 0.25 0.102476
15 500000 0.25 0.101815
16 500000 0.25 0.103778
17 500000 0.25 0.100129
18 500000 0.25 0.104292
19 500000 0.25 0.102576
20 500000 0.25 0.103969
21 500000 0.25 0.106578
22 500000 0.25 0.103397
23 500000 0.25 0.103019
24 500000 0.25 0.10462
25 500000 0.25 0.103545
26 500000 0.25 0.11036
27 500000 0.25 0.103551
28 500000 0.25 0.107966
29 500000 0.25 0.101891
30 500000 0.25 0.105543
31 500000 0.25 0.104689
32 500000 0.25 0.102174
33 500000 0.25 0.103371
34 500000 0.25 0.102248
35 500000 0.25 0.10505
36 500000 0.25 0.102541
37 500000 0.25 0.102362
38 500000 0.25 0.103009
39 500000 0.25 0.101926
40 500000 0.25 0.105975
41 500000 0.25 0.10281
42 500000 0.25 0.105449
43 500000 0.25 0.101803
44 500000 0.25 0.109595
45 500000 0.25 0.101576
46 500000 0.25 0.103637
47 500000 0.25 0.101835
48 500000 0.25 0.10308
49 500000 0.25 0.104667
50 500000 0.25 0.105699
51 500000 0.25 0.106056
52 500000 0.25 0.103032
53 500000 0.25 0.105885
54 500000 0.25 0.102804
55 500000 0.25 0.104225
56 500000 0.25 0.103076
57 500000 0.25 0.104258
58 500000 0.25 0.103809
59 500000 0.25 0.104628
60 500000 0.25 0.10894
61 500000 0.25 0.101618
62 500000 0.25 0.114996
63 500000 0.25 0.10096
64 500000 0.25 0.104921
65 500000 0.25 0.102457
66 500000 0.25 0.104145
67 500000 0.25 0.104134
68 500000 0.25 0.102366
69 500000 0.25 0.102541
70 500000 0.25 0.110501
71 500000 0.25 0.104638
72 500000 0.25 0.104433
73 500000 0.25 0.104064
74 500000 0.25 0.104313
75 500000 0.25 0.1022
76 500000 0.25 0.102604
77 500000 0.25 0.103652
78 500000 0.25 0.103981
79 500000 0.25 0.105917
80 500000 0.25 0.106732
81 500000 0.25 0.114616
82 500000 0.25 0.103038
83 500000 0.25 0.101243
84 500000 0.25 0.105734
85 500000 0.25 0.105863
86 500000 0.25 0.0992878
87 500000 0.25 0.100171
88 500000 0.25 0.103793
89 500000 0.25 0.100821
90 500000 0.25 0.107994
91 500000 0.25 0.100624
92 500000 0.25 0.103518
93 500000 0.25 0.101551
94 500000 0.25 0.1015
95 500000 0.25 0.101073
96 500000 0.25 0.100199
97 500000 0.25 0.104121
98 500000 0.25 0.101765
99 500000 0.25 0.121891
0 500000 0.5 0.0927554
1 500000 0.5 0.0936036
2 500000 0.5 0.0937266
3 500000 0.5 0.0924049
4 500000 0.5 0.0898661
5 500000 0.5 0.0953359
6 500000 0.5 0.105948
7 500000 0.5 0.0933352
8 500000 0.5 0.0958697
9 500000 0.5 0.0926559
10 500000 0.5 0.0927777
11 500000 0.5 0.0932761
12 500000 0.5 0.0932269
13 500000 0.5 0.0933269
14 500000 0.5 0.092269
15 500000 0.5 0.0922981
16 500000 0.5 0.097312
17 500000 0.5 0.0963729
18 500000 0.5 0.094096
19 500000 0.5 0.0927864
20 500000 0.5 0.0920371
21 500000 0.5 0.10159
22 500000 0.5 0.0926139
23 500000 0.5 0.0924816
24 500000 0.5 0.0925545
25 500000 0.5 0.0934746
26 500000 0.5 0.0942235
27 500000 0.5 0.0958289
28 500000 0.5 0.0941582
29 500000 0.5 0.0947327
30 500000 0.5 0.0931817
31 500000 0.5 0.0923263
32 500000 0.5 0.0936648
33 500000 0.5 0.093491
34 500000 0.5 0.094244
35 500000 0.5 0.0930446
36 500000 0.5 0.0947784
37 500000 0.5 0.0935213
38 500000 0.5 0.0946945
39 500000 0.5 0.100226
40 500000 0.5 0.0929961
41 500000 0.5 0.107358
42 500000 0.5 0.0938509
43 500000 0.5 0.0927788
44 500000 0.5 0.0931292
45 500000 0.5 0.0933676
46 500000 0.5 0.0950251
47 500000 0.5 0.0930264
48 500000 0.5 0.0923765
49 500000 0.5 0.0981293
50 500000 0.5 0.0941486
51 500000 0.5 0.0930834
52 500000 0.5 0.0923025
53 500000 0.5 0.0926796
54 500000 0.5 0.0923594
55 500000 0.5 0.0935471
56 500000 0.5 0.0928565
57 500000 0.5 0.0944476
58 500000 0.5 0.091339
59 500000 0.5 0.0946524
60 500000 0.5 0.0954497
61 500000 0.5 0.10679
62 500000 0.5 0.0930187
63 500000 0.5 0.094399
64 500000 0.5 0.0935147
65 500000 0.5 0.0932652
66 500000 0.5 0.0928817
67 500000 0.5 0.0945205
68 500000 0.5 0.092683
69 500000 0.5 0.0941656
70 500000 0.5 0.0931267
71 500000 0.5 0.0976837
72 500000 0.5 0.0920851
73 500000 0.5 0.0915127
74 500000 0.5 0.0917285
75 500000 0.5 0.0922249
76 500000 0.5 0.0934804
77 500000 0.5 0.0924207
78 500000 0.5 0.0923336
79 500000 0.5 0.0933557
80 500000 0.5 0.0915344
81 500000 0.5 0.099229
82 500000 0.5 0.0968475
83 500000 0.5 0.0914998
84 500000 0.5 0.0909958
85 500000 0.5 0.091644
86 500000 0.5 0.0924247
87 500000 0.5 0.0912712
88 500000 0.5 0.092836
89 500000 0.5 0.0932252
90 500000 0.5 0.0918029
91 500000 0.5 0.0929432
92 500000 0.5 0.0899212
93 500000 0.5 0.103709
94 500000 0.5 0.0934816
95 500000 0.5 0.0944173
96 500000 0.5 0.092405
97 500000 0.5 0.093309
98 500000 0.5 0.0958143
99 500000 0.5 0.113654
0 500000 0.75 0.0829712
1 500000 0.75 0.0884104
2 500000 0.75 0.0835274
3 500000 0.75 0.0822499
4 500000 0.75 0.083751
5 500000 0.75 0.084077
6 500000 0.75 0.0829286
7 500000 0.75 0.0828987
8 500000 0.75 0.0859656
9 500000 0.75 0.0847706
10 500000 0.75 0.0825952
11 500000 0.75 0.0828155
12 500000 0.75 0.0825839
13 500000 0.75 0.0868656
14 500000 0.75 0.0828801
15 500000 0.75 0.0822631
16 500000 0.75 0.0839738
17 500000 0.75 0.0829176
18 500000 0.75 0.0816785
19 500000 0.75 0.0845019
20 500000 0.75 0.0827649
21 500000 0.75 0.081455
22 500000 0.75 0.0919239
23 500000 0.75 0.0842366
24 500000 0.75 0.084515
25 500000 0.75 0.0876537
26 500000 0.75 0.081913
27 500000 0.75 0.0826416
28 500000 0.75 0.0830288
29 500000 0.75 0.0829425
30 500000 0.75 0.0813989
31 500000 0.75 0.0879728
32 500000 0.75 0.0847983
33 500000 0.75 0.0830712
34 500000 0.75 0.0842673
35 500000 0.75 0.0829403
36 500000 0.75 0.0822568
37 500000 0.75 0.0867299
38 500000 0.75 0.0831492
39 500000 0.75 0.0830897
40 500000 0.75 0.082968
41 500000 0.75 0.0822715
42 500000 0.75 0.0844153
43 500000 0.75 0.0855572
44 500000 0.75 0.0829797
45 500000 0.75 0.0860308
46 500000 0.75 0.0816766
47 500000 0.75 0.083987
48 500000 0.75 0.0824337
49 500000 0.75 0.086321
50 500000 0.75 0.0864864
51 500000 0.75 0.081328
52 500000 0.75 0.0811859
53 500000 0.75 0.0850185
54 500000 0.75 0.0844249
55 500000 0.75 0.0824393
56 500000 0.75 0.0823787
57 500000 0.75 0.0830297
58 500000 0.75 0.0825796
59 500000 0.75 0.0834081
60 500000 0.75 0.082452
61 500000 0.75 0.0826489
62 500000 0.75 0.0874046
63 500000 0.75 0.0828812
64 500000 0.75 0.0816266
65 500000 0.75 0.0862267
66 500000 0.75 0.0843052
67 500000 0.75 0.0957082
68 500000 0.75 0.0837871
69 500000 0.75 0.0824381
70 500000 0.75 0.0819935
71 500000 0.75 0.0827163
72 500000 0.75 0.0827816
73 500000 0.75 0.0838267
74 500000 0.75 0.0864036
75 500000 0.75 0.0828561
76 500000 0.75 0.0860236
77 500000 0.75 0.082957
78 500000 0.75 0.0833275
79 500000 0.75 0.0823006
80 500000 0.75 0.081482
81 500000 0.75 0.0824585
82 500000 0.75 0.082595
83 500000 0.75 0.0826139
84 500000 0.75 0.0834756
85 500000 0.75 0.0823855
86 500000 0.75 0.0886248
87 500000 0.75 0.0845441
88 500000 0.75 0.0819998
89 500000 0.75 0.0832199
90 500000 0.75 0.0934774
91 500000 0.75 0.0838049
92 500000 0.75 0.0836944
93 500000 0.75 0.0825279
94 500000 0.75 0.0832805
95 500000 0.75 0.0832546
96 500000 0.75 0.0841134
97 500000 0.75 0.0827609
98 500000 0.75 0.088081
99 500000 0.75 0.112763
0 500000 0.95 0.0725529
1 500000 0.95 0.0847501
2 500000 0.95 0.0776186
3 500000 0.95 0.0799765
4 500000 0.95 0.0744386
5 500000 0.95 0.0742688
6 500000 0.95 0.0743452
7 500000 0.95 0.0740839
8 500000 0.95 0.0752846
9 500000 0.95 0.0745875
10 500000 0.95 0.0772795
11 500000 0.95 0.076335
12 500000 0.95 0.0758711
13 500000 0.95 0.0862023
14 500000 0.95 0.0813262
15 500000 0.95 0.0761403
16 500000 0.95 0.0740835
17 500000 0.95 0.0752982
18 500000 0.95 0.07421
19 500000 0.95 0.0745596
20 500000 0.95 0.0743562
21 500000 0.95 0.0742411
22 500000 0.95 0.0754681
23 500000 0.95 0.0746972
24 500000 0.95 0.0743111
25 500000 0.95 0.0743649
26 500000 0.95 0.0742687
27 500000 0.95 0.0769264
28 500000 0.95 0.0783217
29 500000 0.95 0.0720332
30 500000 0.95 0.072965
31 500000 0.95 0.0754178
32 500000 0.95 0.0746039
33 500000 0.95 0.0751834
34 500000 0.95 0.0753204
35 500000 0.95 0.0761337
36 500000 0.95 0.0748033
37 500000 0.95 0.0749616
38 500000 0.95 0.0881985
39 500000 0.95 0.0755286
40 500000 0.95 0.0761164
41 500000 0.95 0.0785106
42 500000 0.95 0.0745648
43 500000 0.95 0.0750772
44 500000 0.95 0.0743974
45 500000 0.95 0.0743117
46 500000 0.95 0.0746692
47 500000 0.95 0.0761038
48 500000 0.95 0.0745925
49 500000 0.95 0.0763489
50 500000 0.95 0.0748188
51 500000 0.95 0.0741262
52 500000 0.95 0.0768141
53 500000 0.95 0.073515
54 500000 0.95 0.076983
55 500000 0.95 0.0757027
56 500000 0.95 0.0743753
57 500000 0.95 0.0739234
58 500000 0.95 0.0755367
59 500000 0.95 0.0735877
60 500000 0.95 0.075362
61 500000 0.95 0.0744909
62 500000 0.95 0.0745576
63 500000 0.95 0.0840171
64 500000 0.95 0.0739285
65 500000 0.95 0.0763113
66 500000 0.95 0.074446
67 500000 0.95 0.0741513
68 500000 0.95 0.0784449
69 500000 0.95 0.0758769
70 500000 0.95 0.0743632
71 500000 0.95 0.0742261
72 500000 0.95 0.0769206
73 500000 0.95 0.0751487
74 500000 0.95 0.0738027
75 500000 0.95 0.0754531
76 500000 0.95 0.0744543
77 500000 0.95 0.0752501
78 500000 0.95 0.0792724
79 500000 0.95 0.0742976
80 500000 0.95 0.0751414
81 500000 0.95 0.0778744
82 500000 0.95 0.0769517
83 500000 0.95 0.0758996
84 500000 0.95 0.0741809
85 500000 0.95 0.0763047
86 500000 0.95 0.0745908
87 500000 0.95 0.0744686
88 500000 0.95 0.0832637
89 500000 0.95 0.0756185
90 500000 0.95 0.0779224
91 500000 0.95 0.0739493
92 500000 0.95 0.0743876
93 500000 0.95 0.0750601
94 500000 0.95 0.0748033
95 500000 0.95 0.0777025
96 500000 0.95 0.0740576
97 500000 0.95 0.0763733
98 500000 0.95 0.0743993
99 500000 0.95 0.11254
0 500000 0.99 0.0740004
1 500000 0.99 0.0870316
2 500000 0.99 0.0721904
3 500000 0.99 0.0716676
4 500000 0.99 0.0743446
5 500000 0.99 0.0727454
6 500000 0.99 0.0734905
7 500000 0.99 0.0831402
8 500000 0.99 0.073673
9 500000 0.99 0.072662
10 500000 0.99 0.0724676
11 500000 0.99 0.0726077
12 500000 0.99 0.072395
13 500000 0.99 0.073919
14 500000 0.99 0.0737429
15 500000 0.99 0.0759667
16 500000 0.99 0.0736638
17 500000 0.99 0.0742319
18 500000 0.99 0.072534
19 500000 0.99 0.0727148
20 500000 0.99 0.0724199
21 500000 0.99 0.0728906
22 500000 0.99 0.0740313
23 500000 0.99 0.0715975
24 500000 0.99 0.0724526
25 500000 0.99 0.0719574
26 500000 0.99 0.0762263
27 500000 0.99 0.0715902
28 500000 0.99 0.0758032
29 500000 0.99 0.0746953
30 500000 0.99 0.0743063
31 500000 0.99 0.0735102
32 500000 0.99 0.0734669
33 500000 0.99 0.0840696
34 500000 0.99 0.0733159
35 500000 0.99 0.0740671
36 500000 0.99 0.0733019
37 500000 0.99 0.0739377
38 500000 0.99 0.0729114
39 500000 0.99 0.0710789
40 500000 0.99 0.0729159
41 500000 0.99 0.0739562
42 500000 0.99 0.0773531
43 500000 0.99 0.0739479
44 500000 0.99 0.0728308
45 500000 0.99 0.0727331
46 500000 0.99 0.0732918
47 500000 0.99 0.072612
48 500000 0.99 0.0737195
49 500000 0.99 0.072072
50 500000 0.99 0.0724497
51 500000 0.99 0.0753486
52 500000 0.99 0.0725161
53 500000 0.99 0.0729005
54 500000 0.99 0.0721237
55 500000 0.99 0.0736207
56 500000 0.99 0.0782864
57 500000 0.99 0.0737899
58 500000 0.99 0.0862188
59 500000 0.99 0.0733862
60 500000 0.99 0.0729899
61 500000 0.99 0.0728884
62 500000 0.99 0.0732458
63 500000 0.99 0.0740689
64 500000 0.99 0.0740984
65 500000 0.99 0.0727933
66 500000 0.99 0.0726977
67 500000 0.99 0.0739241
68 500000 0.99 0.0753088
69 500000 0.99 0.075125
70 500000 0.99 0.0740936
71 500000 0.99 0.0722087
72 500000 0.99 0.0730056
73 500000 0.99 0.0729067
74 500000 0.99 0.0721027
75 500000 0.99 0.0714462
76 500000 0.99 0.0721773
77 500000 0.99 0.0759554
78 500000 0.99 0.0720228
79 500000 0.99 0.071843
80 500000 0.99 0.0724301
81 500000 0.99 0.0742614
82 500000 0.99 0.0722733
83 500000 0.99 0.0741681
84 500000 0.99 0.075695
85 500000 0.99 0.0727324
86 500000 0.99 0.0714928
87 500000 0.99 0.0726321
88 500000 0.99 0.0724691
89 500000 0.99 0.0720023
90 500000 0.99 0.0743132
91 500000 0.99 0.071972
92 500000 0.99 0.0736601
93 500000 0.99 0.0745477
94 500000 0.99 0.074364
95 500000 0.99 0.0713503
96 500000 0.99 0.0731763
97 500000 0.99 0.0749784
98 500000 0.99 0.0757268
99 500000 0.99 0.113258
0 500000 0.997 0.0744876
1 500000 0.997 0.0788406
2 500000 0.997 0.0731507
3 500000 0.997 0.0845798
4 500000 0.997 0.0723342
5 500000 0.997 0.0719674
6 500000 0.997 0.0723652
7 500000 0.997 0.0717741
8 500000 0.997 0.0735408
9 500000 0.997 0.0720859
10 500000 0.997 0.0724677
11 500000 0.997 0.0732324
12 500000 0.997 0.0748496
13 500000 0.997 0.0733903
14 500000 0.997 0.0727058
15 500000 0.997 0.0759666
16 500000 0.997 0.073139
17 500000 0.997 0.0728666
18 500000 0.997 0.0722449
19 500000 0.997 0.0720916
20 500000 0.997 0.072744
21 500000 0.997 0.0738316
22 500000 0.997 0.0719115
23 500000 0.997 0.0731511
24 500000 0.997 0.0723724
25 500000 0.997 0.0734485
26 500000 0.997 0.0722551
27 500000 0.997 0.0727021
28 500000 0.997 0.0934352
29 500000 0.997 0.0744361
30 500000 0.997 0.0725099
31 500000 0.997 0.0722088
32 500000 0.997 0.0731471
33 500000 0.997 0.0716591
34 500000 0.997 0.0734435
35 500000 0.997 0.0720753
36 500000 0.997 0.071713
37 500000 0.997 0.0715684
38 500000 0.997 0.0758088
39 500000 0.997 0.0719728
40 500000 0.997 0.0719544
41 500000 0.997 0.0713441
42 500000 0.997 0.0756516
43 500000 0.997 0.0722306
44 500000 0.997 0.0728028
45 500000 0.997 0.0725551
46 500000 0.997 0.0724191
47 500000 0.997 0.0720431
48 500000 0.997 0.0713652
49 500000 0.997 0.0724194
50 500000 0.997 0.0726817
51 500000 0.997 0.0765457
52 500000 0.997 0.0717514
53 500000 0.997 0.0723462
54 500000 0.997 0.0809703
55 500000 0.997 0.0726281
56 500000 0.997 0.076502
57 500000 0.997 0.0719765
58 500000 0.997 0.0726973
59 500000 0.997 0.0721543
60 500000 0.997 0.0733378
61 500000 0.997 0.0729436
62 500000 0.997 0.0734394
63 500000 0.997 0.0723218
64 500000 0.997 0.0746902
65 500000 0.997 0.0723035
66 500000 0.997 0.0712503
67 500000 0.997 0.0720125
68 500000 0.997 0.0727538
69 500000 0.997 0.0731575
70 500000 0.997 0.0775551
71 500000 0.997 0.0730445
72 500000 0.997 0.0716949
73 500000 0.997 0.0725544
74 500000 0.997 0.0718141
75 500000 0.997 0.0720551
76 500000 0.997 0.0750773
77 500000 0.997 0.073151
78 500000 0.997 0.0734697
79 500000 0.997 0.0734953
80 500000 0.997 0.0832696
81 500000 0.997 0.0720486
82 500000 0.997 0.0724932
83 500000 0.997 0.0735723
84 500000 0.997 0.0754364
85 500000 0.997 0.0741411
86 500000 0.997 0.0732399
87 500000 0.997 0.0722052
88 500000 0.997 0.0740029
89 500000 0.997 0.0749794
90 500000 0.997 0.0736379
91 500000 0.997 0.0733439
92 500000 0.997 0.0721494
93 500000 0.997 0.0734027
94 500000 0.997 0.0726613
95 500000 0.997 0.0711853
96 500000 0.997 0.0718922
97 500000 0.997 0.0748516
98 500000 0.997 0.0756797
99 500000 0.997 0.110351
0 1000000 -1 0.142226
1 1000000 -1 0.153094
2 1000000 -1 0.143774
3 1000000 -1 0.143704
4 1000000 -1 0.145631
5 1000000 -1 0.143583
6 1000000 -1 0.14251
7 1000000 -1 0.142597
8 1000000 -1 0.150075
9 1000000 -1 0.158233
10 1000000 -1 0.144683
11 1000000 -1 0.14401
12 1000000 -1 0.143197
13 1000000 -1 0.142988
14 1000000 -1 0.145513
15 1000000 -1 0.155026
16 1000000 -1 0.144426
17 1000000 -1 0.143721
18 1000000 -1 0.14506
19 1000000 -1 0.145104
20 1000000 -1 0.144119
21 1000000 -1 0.147403
22 1000000 -1 0.153364
23 1000000 -1 0.14167
24 1000000 -1 0.144328
25 1000000 -1 0.14408
26 1000000 -1 0.142936
27 1000000 -1 0.147307
28 1000000 -1 0.1429
29 1000000 -1 0.148606
30 1000000 -1 0.142802
31 1000000 -1 0.144124
32 1000000 -1 0.143797
33 1000000 -1 0.143925
34 1000000 -1 0.1457
35 1000000 -1 0.143343
36 1000000 -1 0.161752
37 1000000 -1 0.142467
38 1000000 -1 0.146234
39 1000000 -1 0.143654
40 1000000 -1 0.148017
41 1000000 -1 0.144175
42 1000000 -1 0.143443
43 1000000 -1 0.148724
44 1000000 -1 0.143651
45 1000000 -1 0.143076
46 1000000 -1 0.143197
47 1000000 -1 0.146118
48 1000000 -1 0.144887
49 1000000 -1 0.157545
50 1000000 -1 0.149326
51 1000000 -1 0.146534
52 1000000 -1 0.14323
53 1000000 -1 0.148227
54 1000000 -1 0.142577
55 1000000 -1 0.142426
56 1000000 -1 0.143416
57 1000000 -1 0.148433
58 1000000 -1 0.144004
59 1000000 -1 0.139292
60 1000000 -1 0.142785
61 1000000 -1 0.141205
62 1000000 -1 0.152742
63 1000000 -1 0.140776
64 1000000 -1 0.149468
65 1000000 -1 0.144944
66 1000000 -1 0.143948
67 1000000 -1 0.145485
68 1000000 -1 0.144633
69 1000000 -1 0.144881
70 1000000 -1 0.143534
71 1000000 -1 0.149875
72 1000000 -1 0.144713
73 1000000 -1 0.144157
74 1000000 -1 0.142291
75 1000000 -1 0.151948
76 1000000 -1 0.144661
77 1000000 -1 0.143229
78 1000000 -1 0.148422
79 1000000 -1 0.145245
80 1000000 -1 0.143889
81 1000000 -1 0.141524
82 1000000 -1 0.144825
83 1000000 -1 0.143342
84 1000000 -1 0.144789
85 1000000 -1 0.14508
86 1000000 -1 0.149131
87 1000000 -1 0.143363
88 1000000 -1 0.156119
89 1000000 -1 0.144079
90 1000000 -1 0.143648
91 1000000 -1 0.144268
92 1000000 -1 0.153378
93 1000000 -1 0.146816
94 1000000 -1 0.142211
95 1000000 -1 0.143405
96 1000000 -1 0.143502
97 1000000 -1 0.143214
98 1000000 -1 0.144712
99 1000000 -1 0.237083
0 1000000 1 0.228848
1 1000000 1 0.237997
2 1000000 1 0.233047
3 1000000 1 0.247652
4 1000000 1 0.232517
5 1000000 1 0.235993
6 1000000 1 0.231716
7 1000000 1 0.232618
8 1000000 1 0.229305
9 1000000 1 0.230656
10 1000000 1 0.23589
11 1000000 1 0.238167
12 1000000 1 0.229017
13 1000000 1 0.227882
14 1000000 1 0.243655
15 1000000 1 0.228055
16 1000000 1 0.232875
17 1000000 1 0.232651
18 1000000 1 0.235065
19 1000000 1 0.2402
20 1000000 1 0.233736
21 1000000 1 0.228849
22 1000000 1 0.228811
23 1000000 1 0.234906
24 1000000 1 0.228871
25 1000000 1 0.227895
26 1000000 1 0.230373
27 1000000 1 0.231841
28 1000000 1 0.242969
29 1000000 1 0.228355
30 1000000 1 0.230536
31 1000000 1 0.232831
32 1000000 1 0.233483
33 1000000 1 0.229173
34 1000000 1 0.226908
35 1000000 1 0.23361
36 1000000 1 0.227007
37 1000000 1 0.232221
38 1000000 1 0.229167
39 1000000 1 0.230451
40 1000000 1 0.230061
41 1000000 1 0.234258
42 1000000 1 0.229329
43 1000000 1 0.228172
44 1000000 1 0.231044
45 1000000 1 0.237934
46 1000000 1 0.233328
47 1000000 1 0.229145
48 1000000 1 0.231965
49 1000000 1 0.228186
50 1000000 1 0.235229
51 1000000 1 0.228607
52 1000000 1 0.233265
53 1000000 1 0.238687
54 1000000 1 0.227875
55 1000000 1 0.233685
56 1000000 1 0.232419
57 1000000 1 0.231934
58 1000000 1 0.227957
59 1000000 1 0.232312
60 1000000 1 0.229579
61 1000000 1 0.229653
62 1000000 1 0.234846
63 1000000 1 0.22838
64 1000000 1 0.233105
65 1000000 1 0.23266
66 1000000 1 0.228095
67 1000000 1 0.227792
68 1000000 1 0.23973
69 1000000 1 0.248188
70 1000000 1 0.238188
71 1000000 1 0.229321
72 1000000 1 0.227845
73 1000000 1 0.244261
74 1000000 1 0.229746
75 1000000 1 0.232192
76 1000000 1 0.229471
77 1000000 1 0.238905
78 1000000 1 0.244884
79 1000000 1 0.230226
80 1000000 1 0.228114
81 1000000 1 0.230742
82 1000000 1 0.233988
83 1000000 1 0.228717
84 1000000 1 0.229902
85 1000000 1 0.230987
86 1000000 1 0.235828
87 1000000 1 0.236999
88 1000000 1 0.23004
89 1000000 1 0.228127
90 1000000 1 0.233709
91 1000000 1 0.233594
92 1000000 1 0.229434
93 1000000 1 0.229348
94 1000000 1 0.229669
95 1000000 1 0.245862
96 1000000 1 0.228146
97 1000000 1 0.227718
98 1000000 1 0.231078
99 1000000 1 0.234177
0 1000000 0.25 0.211531
1 1000000 0.25 0.216926
2 1000000 0.25 0.210308
3 1000000 0.25 0.209554
4 1000000 0.25 0.209904
5 1000000 0.25 0.215865
6 1000000 0.25 0.222927
7 1000000 0.25 0.211462
8 1000000 0.25 0.212822
9 1000000 0.25 0.211899
10 1000000 0.25 0.212368
11 1000000 0.25 0.213433
12 1000000 0.25 0.2094
13 1000000 0.25 0.209442
14 1000000 0.25 0.210864
15 1000000 0.25 0.228869
16 1000000 0.25 0.211116
17 1000000 0.25 0.210845
18 1000000 0.25 0.21409
19 1000000 0.25 0.20486
20 1000000 0.25 0.217105
21 1000000 0.25 0.210434
22 1000000 0.25 0.210645
23 1000000 0.25 0.21035
24 1000000 0.25 0.220291
25 1000000 0.25 0.213946
26 1000000 0.25 0.207769
27 1000000 0.25 0.210913
28 1000000 0.25 0.209655
29 1000000 0.25 0.2126
30 1000000 0.25 0.215517
31 1000000 0.25 0.21137
32 1000000 0.25 0.213681
33 1000000 0.25 0.223278
34 1000000 0.25 0.211529
35 1000000 0.25 0.214358
36 1000000 0.25 0.21211
37 1000000 0.25 0.208321
38 1000000 0.25 0.209325
39 1000000 0.25 0.210278
40 1000000 0.25 0.21114
41 1000000 0.25 0.211243
42 1000000 0.25 0.224428
43 1000000 0.25 0.213145
44 1000000 0.25 0.20611
45 1000000 0.25 0.215247
46 1000000 0.25 0.211048
47 1000000 0.25 0.211561
48 1000000 0.25 0.211388
49 1000000 0.25 0.210829
50 1000000 0.25 0.216752
51 1000000 0.25 0.220984
52 1000000 0.25 0.211293
53 1000000 0.25 0.208658
54 1000000 0.25 0.212362
55 1000000 0.25 0.216305
56 1000000 0.25 0.213203
57 1000000 0.25 0.213002
58 1000000 0.25 0.211125
59 1000000 0.25 0.218641
60 1000000 0.25 0.218704
61 1000000 0.25 0.209473
62 1000000 0.25 0.211583
63 1000000 0.25 0.209353
64 1000000 0.25 0.215846
65 1000000 0.25 0.209597
66 1000000 0.25 0.211476
67 1000000 0.25 0.208712
68 1000000 0.25 0.212599
69 1000000 0.25 0.214186
70 1000000 0.25 0.224792
71 1000000 0.25 0.210833
72 1000000 0.25 0.212037
73 1000000 0.25 0.213659
74 1000000 0.25 0.21378
75 1000000 0.25 0.210214
76 1000000 0.25 0.210289
77 1000000 0.25 0.211965
78 1000000 0.25 0.208927
79 1000000 0.25 0.21856
80 1000000 0.25 0.211488
81 1000000 0.25 0.211312
82 1000000 0.25 0.213821
83 1000000 0.25 0.210729
84 1000000 0.25 0.216484
85 1000000 0.25 0.213083
86 1000000 0.25 0.210019
87 1000000 0.25 0.210707
88 1000000 0.25 0.223672
89 1000000 0.25 0.217044
90 1000000 0.25 0.209151
91 1000000 0.25 0.211324
92 1000000 0.25 0.211321
93 1000000 0.25 0.210763
94 1000000 0.25 0.216129
95 1000000 0.25 0.21042
96 1000000 0.25 0.21174
97 1000000 0.25 0.216056
98 1000000 0.25 0.211247
99 1000000 0.25 0.23531
0 1000000 0.5 0.189406
1 1000000 0.5 0.19588
2 1000000 0.5 0.188475
3 1000000 0.5 0.188637
4 1000000 0.5 0.192938
5 1000000 0.5 0.189326
6 1000000 0.5 0.194464
7 1000000 0.5 0.189424
8 1000000 0.5 0.191163
9 1000000 0.5 0.194459
10 1000000 0.5 0.189189
11 1000000 0.5 0.192689
12 1000000 0.5 0.189441
13 1000000 0.5 0.187322
14 1000000 0.5 0.192479
15 1000000 0.5 0.188666
16 1000000 0.5 0.19263
17 1000000 0.5 0.193689
18 1000000 0.5 0.189165
19 1000000 0.5 0.194841
20 1000000 0.5 0.184412
21 1000000 0.5 0.191191
22 1000000 0.5 0.19163
23 1000000 0.5 0.18922
24 1000000 0.5 0.194873
25 1000000 0.5 0.188808
26 1000000 0.5 0.201661
27 1000000 0.5 0.190862
28 1000000 0.5 0.196222
29 1000000 0.5 0.19354
30 1000000 0.5 0.188522
31 1000000 0.5 0.190271
32 1000000 0.5 0.190252
33 1000000 0.5 0.191982
34 1000000 0.5 0.191206
35 1000000 0.5 0.190481
36 1000000 0.5 0.201377
37 1000000 0.5 0.191173
38 1000000 0.5 0.19127
39 1000000 0.5 0.193879
40 1000000 0.5 0.187934
41 1000000 0.5 0.189766
42 1000000 0.5 0.188925
43 1000000 0.5 0.188743
44 1000000 0.5 0.194605
45 1000000 0.5 0.192755
46 1000000 0.5 0.199407
47 1000000 0.5 0.187938
48 1000000 0.5 0.187677
49 1000000 0.5 0.194063
50 1000000 0.5 0.19123
51 1000000 0.5 0.189823
52 1000000 0.5 0.189304
53 1000000 0.5 0.189998
54 1000000 0.5 0.191174
55 1000000 0.5 0.195903
56 1000000 0.5 0.203489
57 1000000 0.5 0.188131
58 1000000 0.5 0.189474
59 1000000 0.5 0.190277
60 1000000 0.5 0.199417
61 1000000 0.5 0.189604
62 1000000 0.5 0.189077
63 1000000 0.5 0.19238
64 1000000 0.5 0.192535
65 1000000 0.5 0.195254
66 1000000 0.5 0.194019
67 1000000 0.5 0.191137
68 1000000 0.5 0.189042
69 1000000 0.5 0.191093
70 1000000 0.5 0.187234
71 1000000 0.5 0.195117
72 1000000 0.5 0.189053
73 1000000 0.5 0.188476
74 1000000 0.5 0.193156
75 1000000 0.5 0.192335
76 1000000 0.5 0.198218
77 1000000 0.5 0.192138
78 1000000 0.5 0.18869
79 1000000 0.5 0.191969
80 1000000 0.5 0.191723
81 1000000 0.5 0.192534
82 1000000 0.5 0.193944
83 1000000 0.5 0.190616
84 1000000 0.5 0.191198
85 1000000 0.5 0.186531
86 1000000 0.5 0.202223
87 1000000 0.5 0.198576
88 1000000 0.5 0.187822
89 1000000 0.5 0.189395
90 1000000 0.5 0.190617
91 1000000 0.5 0.191462
92 1000000 0.5 0.186532
93 1000000 0.5 0.19467
94 1000000 0.5 0.188905
95 1000000 0.5 0.188606
96 1000000 0.5 0.197132
97 1000000 0.5 0.186998
98 1000000 0.5 0.190005
99 1000000 0.5 0.228517
0 1000000 0.75 0.16969
1 1000000 0.75 0.17455
2 1000000 0.75 0.164814
3 1000000 0.75 0.170181
4 1000000 0.75 0.167891
5 1000000 0.75 0.17263
6 1000000 0.75 0.173132
7 1000000 0.75 0.183355
8 1000000 0.75 0.166308
9 1000000 0.75 0.169956
10 1000000 0.75 0.179659
11 1000000 0.75 0.165771
12 1000000 0.75 0.169003
13 1000000 0.75 0.178544
14 1000000 0.75 0.169287
15 1000000 0.75 0.167636
16 1000000 0.75 0.169187
17 1000000 0.75 0.16492
18 1000000 0.75 0.172363
19 1000000 0.75 0.172937
20 1000000 0.75 0.169852
21 1000000 0.75 0.168074
22 1000000 0.75 0.180751
23 1000000 0.75 0.166852
24 1000000 0.75 0.169677
25 1000000 0.75 0.175573
26 1000000 0.75 0.165829
27 1000000 0.75 0.167402
28 1000000 0.75 0.166676
29 1000000 0.75 0.16798
30 1000000 0.75 0.164264
31 1000000 0.75 0.179179
32 1000000 0.75 0.16559
33 1000000 0.75 0.181636
34 1000000 0.75 0.166983
35 1000000 0.75 0.169916
36 1000000 0.75 0.168466
37 1000000 0.75 0.174526
38 1000000 0.75 0.168498
39 1000000 0.75 0.16878
40 1000000 0.75 0.167785
41 1000000 0.75 0.169295
42 1000000 0.75 0.170314
43 1000000 0.75 0.174723
44 1000000 0.75 0.177689
45 1000000 0.75 0.170292
46 1000000 0.75 0.169348
47 1000000 0.75 0.16907
48 1000000 0.75 0.170417
49 1000000 0.75 0.171609
50 1000000 0.75 0.169549
51 1000000 0.75 0.16923
52 1000000 0.75 0.170899
53 1000000 0.75 0.168099
54 1000000 0.75 0.172696
55 1000000 0.75 0.182362
56 1000000 0.75 0.17195
57 1000000 0.75 0.170754
58 1000000 0.75 0.170224
59 1000000 0.75 0.171477
60 1000000 0.75 0.170469
61 1000000 0.75 0.170502
62 1000000 0.75 0.170426
63 1000000 0.75 0.169195
64 1000000 0.75 0.17268
65 1000000 0.75 0.172489
66 1000000 0.75 0.169373
67 1000000 0.75 0.185347
68 1000000 0.75 0.170451
69 1000000 0.75 0.17037
70 1000000 0.75 0.168243
71 1000000 0.75 0.168891
72 1000000 0.75 0.170258
73 1000000 0.75 0.17134
74 1000000 0.75 0.16994
75 1000000 0.75 0.168922
76 1000000 0.75 0.170703
77 1000000 0.75 0.171467
78 1000000 0.75 0.181554
79 1000000 0.75 0.169512
80 1000000 0.75 0.172413
81 1000000 0.75 0.169303
82 1000000 0.75 0.169293
83 1000000 0.75 0.170444
84 1000000 0.75 0.167964
85 1000000 0.75 0.168914
86 1000000 0.75 0.177722
87 1000000 0.75 0.170411
88 1000000 0.75 0.168883
89 1000000 0.75 0.183653
90 1000000 0.75 0.169207
91 1000000 0.75 0.171052
92 1000000 0.75 0.171499
93 1000000 0.75 0.169263
94 1000000 0.75 0.168441
95 1000000 0.75 0.170627
96 1000000 0.75 0.167979
97 1000000 0.75 0.171111
98 1000000 0.75 0.175332
99 1000000 0.75 0.227888
0 1000000 0.95 0.168474
1 1000000 0.95 0.156429
2 1000000 0.95 0.15455
3 1000000 0.95 0.150405
4 1000000 0.95 0.148289
5 1000000 0.95 0.156526
6 1000000 0.95 0.15399
7 1000000 0.95 0.154292
8 1000000 0.95 0.153434
9 1000000 0.95 0.149419
10 1000000 0.95 0.150663
11 1000000 0.95 0.155051
12 1000000 0.95 0.149761
13 1000000 0.95 0.157154
14 1000000 0.95 0.156572
15 1000000 0.95 0.151625
16 1000000 0.95 0.150417
17 1000000 0.95 0.152668
18 1000000 0.95 0.151949
19 1000000 0.95 0.153854
20 1000000 0.95 0.150351
21 1000000 0.95 0.15686
22 1000000 0.95 0.151437
23 1000000 0.95 0.153969
24 1000000 0.95 0.149284
25 1000000 0.95 0.16221
26 1000000 0.95 0.150388
27 1000000 0.95 0.153125
28 1000000 0.95 0.15696
29 1000000 0.95 0.154723
30 1000000 0.95 0.151637
31 1000000 0.95 0.155164
32 1000000 0.95 0.153063
33 1000000 0.95 0.148741
34 1000000 0.95 0.155362
35 1000000 0.95 0.148097
36 1000000 0.95 0.152388
37 1000000 0.95 0.147846
38 1000000 0.95 0.157944
39 1000000 0.95 0.148299
40 1000000 0.95 0.148882
41 1000000 0.95 0.155336
42 1000000 0.95 0.152967
43 1000000 0.95 0.148594
44 1000000 0.95 0.148904
45 1000000 0.95 0.151822
46 1000000 0.95 0.149267
47 1000000 0.95 0.148738
48 1000000 0.95 0.158122
49 1000000 0.95 0.150084
50 1000000 0.95 0.157702
51 1000000 0.95 0.151035
52 1000000 0.95 0.14974
53 1000000 0.95 0.151021
54 1000000 0.95 0.150613
55 1000000 0.95 0.158663
56 1000000 0.95 0.147187
57 1000000 0.95 0.150587
58 1000000 0.95 0.154559
59 1000000 0.95 0.147494
60 1000000 0.95 0.148422
61 1000000 0.95 0.155128
62 1000000 0.95 0.155524
63 1000000 0.95 0.16227
64 1000000 0.95 0.149704
65 1000000 0.95 0.150264
66 1000000 0.95 0.150609
67 1000000 0.95 0.153768
68 1000000 0.95 0.154025
69 1000000 0.95 0.152062
70 1000000 0.95 0.1519
71 1000000 0.95 0.151022
72 1000000 0.95 0.151474
73 1000000 0.95 0.152319
74 1000000 0.95 0.151603
75 1000000 0.95 0.157051
76 1000000 0.95 0.163888
77 1000000 0.95 0.150815
78 1000000 0.95 0.151572
79 1000000 0.95 0.150271
80 1000000 0.95 0.150827
81 1000000 0.95 0.150801
82 1000000 0.95 0.155547
83 1000000 0.95 0.153475
84 1000000 0.95 0.150568
85 1000000 0.95 0.147836
86 1000000 0.95 0.153893
87 1000000 0.95 0.14829
88 1000000 0.95 0.165668
89 1000000 0.95 0.150529
90 1000000 0.95 0.149294
91 1000000 0.95 0.148479
92 1000000 0.95 0.152288
93 1000000 0.95 0.148454
94 1000000 0.95 0.150408
95 1000000 0.95 0.156362
96 1000000 0.95 0.149706
97 1000000 0.95 0.150365
98 1000000 0.95 0.149743
99 1000000 0.95 0.230741
0 1000000 0.99 0.151396
1 1000000 0.99 0.161642
2 1000000 0.99 0.152594
3 1000000 0.99 0.150611
4 1000000 0.99 0.148377
5 1000000 0.99 0.148449
6 1000000 0.99 0.147178
7 1000000 0.99 0.161071
8 1000000 0.99 0.149373
9 1000000 0.99 0.146726
10 1000000 0.99 0.147125
11 1000000 0.99 0.152028
12 1000000 0.99 0.147438
13 1000000 0.99 0.148846
14 1000000 0.99 0.16123
15 1000000 0.99 0.147322
16 1000000 0.99 0.147115
17 1000000 0.99 0.150954
18 1000000 0.99 0.147018
19 1000000 0.99 0.148026
20 1000000 0.99 0.149354
21 1000000 0.99 0.152611
22 1000000 0.99 0.147733
23 1000000 0.99 0.146728
24 1000000 0.99 0.151606
25 1000000 0.99 0.149413
26 1000000 0.99 0.149947
27 1000000 0.99 0.147432
28 1000000 0.99 0.152792
29 1000000 0.99 0.147114
30 1000000 0.99 0.15235
31 1000000 0.99 0.147227
32 1000000 0.99 0.157324
33 1000000 0.99 0.149669
34 1000000 0.99 0.148493
35 1000000 0.99 0.152577
36 1000000 0.99 0.151715
37 1000000 0.99 0.148056
38 1000000 0.99 0.145179
39 1000000 0.99 0.14546
40 1000000 0.99 0.148447
41 1000000 0.99 0.147938
42 1000000 0.99 0.151418
43 1000000 0.99 0.154527
44 1000000 0.99 0.147413
45 1000000 0.99 0.161926
46 1000000 0.99 0.146098
47 1000000 0.99 0.147296
48 1000000 0.99 0.151024
49 1000000 0.99 0.153413
50 1000000 0.99 0.147154
51 1000000 0.99 0.148376
52 1000000 0.99 0.148143
53 1000000 0.99 0.147713
54 1000000 0.99 0.148673
55 1000000 0.99 0.159286
56 1000000 0.99 0.154622
57 1000000 0.99 0.148143
58 1000000 0.99 0.170715
59 1000000 0.99 0.14784
60 1000000 0.99 0.149142
61 1000000 0.99 0.148838
62 1000000 0.99 0.167009
63 1000000 0.99 0.157543
64 1000000 0.99 0.14906
65 1000000 0.99 0.147011
66 1000000 0.99 0.148694
67 1000000 0.99 0.14738
68 1000000 0.99 0.150432
69 1000000 0.99 0.152199
70 1000000 0.99 0.151606
71 1000000 0.99 0.148083
72 1000000 0.99 0.149142
73 1000000 0.99 0.149322
74 1000000 0.99 0.150263
75 1000000 0.99 0.149983
76 1000000 0.99 0.151404
77 1000000 0.99 0.151694
78 1000000 0.99 0.147731
79 1000000 0.99 0.14777
80 1000000 0.99 0.147182
81 1000000 0.99 0.149433
82 1000000 0.99 0.150537
83 1000000 0.99 0.166177
84 1000000 0.99 0.147513
85 1000000 0.99 0.147095
86 1000000 0.99 0.148109
87 1000000 0.99 0.149264
88 1000000 0.99 0.147977
89 1000000 0.99 0.147062
90 1000000 0.99 0.1518
91 1000000 0.99 0.14849
92 1000000 0.99 0.149384
93 1000000 0.99 0.147525
94 1000000 0.99 0.150246
95 1000000 0.99 0.148226
96 1000000 0.99 0.162683
97 1000000 0.99 0.146728
98 1000000 0.99 0.14654
99 1000000 0.99 0.227317
0 1000000 0.997 0.147849
1 1000000 0.997 0.160352
2 1000000 0.997 0.149102
3 1000000 0.997 0.143865
4 1000000 0.997 0.148472
5 1000000 0.997 0.148916
6 1000000 0.997 0.148826
7 1000000 0.997 0.148717
8 1000000 0.997 0.150288
9 1000000 0.997 0.148473
10 1000000 0.997 0.148764
11 1000000 0.997 0.147798
12 1000000 0.997 0.15196
13 1000000 0.997 0.146249
14 1000000 0.997 0.160518
15 1000000 0.997 0.148269
16 1000000 0.997 0.146917
17 1000000 0.997 0.146631
18 1000000 0.997 0.14967
19 1000000 0.997 0.146764
20 1000000 0.997 0.149225
21 1000000 0.997 0.151385
22 1000000 0.997 0.146161
23 1000000 0.997 0.146399
24 1000000 0.997 0.148902
25 1000000 0.997 0.147401
26 1000000 0.997 0.146913
27 1000000 0.997 0.151433
28 1000000 0.997 0.152388
29 1000000 0.997 0.148532
30 1000000 0.997 0.147398
31 1000000 0.997 0.153016
32 1000000 0.997 0.149423
33 1000000 0.997 0.147981
34 1000000 0.997 0.148466
35 1000000 0.997 0.155297
36 1000000 0.997 0.148256
37 1000000 0.997 0.150838
38 1000000 0.997 0.148754
39 1000000 0.997 0.161209
40 1000000 0.997 0.147925
41 1000000 0.997 0.150092
42 1000000 0.997 0.151921
43 1000000 0.997 0.148606
44 1000000 0.997 0.148044
45 1000000 0.997 0.149832
46 1000000 0.997 0.148289
47 1000000 0.997 0.147656
48 1000000 0.997 0.148225
49 1000000 0.997 0.150728
50 1000000 0.997 0.149453
51 1000000 0.997 0.146031
52 1000000 0.997 0.161866
53 1000000 0.997 0.147243
54 1000000 0.997 0.150354
55 1000000 0.997 0.148598
56 1000000 0.997 0.150089
57 1000000 0.997 0.147497
58 1000000 0.997 0.149789
59 1000000 0.997 0.148834
60 1000000 0.997 0.147225
61 1000000 0.997 0.147452
62 1000000 0.997 0.150794
63 1000000 0.997 0.153192
64 1000000 0.997 0.150639
65 1000000 0.997 0.15249
66 1000000 0.997 0.149136
67 1000000 0.997 0.155171
68 1000000 0.997 0.148002
69 1000000 0.997 0.157824
70 1000000 0.997 0.148996
71 1000000 0.997 0.148098
72 1000000 0.997 0.147059
73 1000000 0.997 0.14743
74 1000000 0.997 0.149525
75 1000000 0.997 0.152771
76 1000000 0.997 0.152577
77 1000000 0.997 0.147679
78 1000000 0.997 0.154206
79 1000000 0.997 0.150235
80 1000000 0.997 0.149318
81 1000000 0.997 0.147611
82 1000000 0.997 0.149959
83 1000000 0.997 0.151558
84 1000000 0.997 0.149611
85 1000000 0.997 0.145685
86 1000000 0.997 0.147033
87 1000000 0.997 0.148024
88 1000000 0.997 0.151267
89 1000000 0.997 0.147392
90 1000000 0.997 0.165017
91 1000000 0.997 0.146184
92 1000000 0.997 0.147244
93 1000000 0.997 0.150088
94 1000000 0.997 0.150564
95 1000000 0.997 0.146938
96 1000000 0.997 0.14817
97 1000000 0.997 0.151085
98 1000000 0.997 0.148709
99 1000000 0.997 0.151558
