0 10000 -1  0.001768
1 10000 -1  0.001536
2 10000 -1  0.0013719
3 10000 -1  0.0017877
4 10000 -1  0.0019612
5 10000 -1  0.0016457
6 10000 -1  0.0012586
7 10000 -1  0.0017421
8 10000 -1  0.0012604
9 10000 -1  0.0013033
10 10000 -1  0.0016749
11 10000 -1  0.0014175
12 10000 -1  0.0016873
13 10000 -1  0.0015954
14 10000 -1  0.0012717
15 10000 -1  0.0014838
16 10000 -1  0.0019429
17 10000 -1  0.0011753
18 10000 -1  0.0012665
19 10000 -1  0.0012662
20 10000 -1  0.001237
21 10000 -1  0.001345
22 10000 -1  0.0016344
23 10000 -1  0.0012414
24 10000 -1  0.001369
25 10000 -1  0.0016994
26 10000 -1  0.0011867
27 10000 -1  0.0012068
28 10000 -1  0.0013602
29 10000 -1  0.0013923
30 10000 -1  0.0012768
31 10000 -1  0.0015094
32 10000 -1  0.0013365
33 10000 -1  0.0013343
34 10000 -1  0.001184
35 10000 -1  0.0011924
36 10000 -1  0.0017136
37 10000 -1  0.0011301
38 10000 -1  0.0012184
39 10000 -1  0.0012056
40 10000 -1  0.0016619
41 10000 -1  0.0011783
42 10000 -1  0.0012662
43 10000 -1  0.0012005
44 10000 -1  0.0012775
45 10000 -1  0.0012038
46 10000 -1  0.0011477
47 10000 -1  0.0012056
48 10000 -1  0.0014271
49 10000 -1  0.0012278
50 10000 -1  0.0012037
51 10000 -1  0.0013924
52 10000 -1  0.0018165
53 10000 -1  0.0013354
54 10000 -1  0.0012647
55 10000 -1  0.0012001
56 10000 -1  0.0011461
57 10000 -1  0.0012654
58 10000 -1  0.0012887
59 10000 -1  0.0013274
60 10000 -1  0.0011239
61 10000 -1  0.0014265
62 10000 -1  0.0011743
63 10000 -1  0.0012994
64 10000 -1  0.001312
65 10000 -1  0.001346
66 10000 -1  0.0014632
67 10000 -1  0.0011856
68 10000 -1  0.001118
69 10000 -1  0.0012385
70 10000 -1  0.0013186
71 10000 -1  0.0014922
72 10000 -1  0.0011852
73 10000 -1  0.0016451
74 10000 -1  0.0012377
75 10000 -1  0.001168
76 10000 -1  0.0013511
77 10000 -1  0.001799
78 10000 -1  0.0011465
79 10000 -1  0.0011942
80 10000 -1  0.0013517
81 10000 -1  0.0012515
82 10000 -1  0.0011462
83 10000 -1  0.0014372
84 10000 -1  0.0013869
85 10000 -1  0.0012469
86 10000 -1  0.0012435
87 10000 -1  0.0012869
88 10000 -1  0.0012446
89 10000 -1  0.001211
90 10000 -1  0.0015565
91 10000 -1  0.0012993
92 10000 -1  0.0012537
93 10000 -1  0.001109
94 10000 -1  0.0011556
95 10000 -1  0.0012031
96 10000 -1  0.0012665
97 10000 -1  0.0012392
98 10000 -1  0.0013074
99 10000 -1  0.0019521
0 10000 1  0.0017931
1 10000 1  0.0018449
2 10000 1  0.0021653
3 10000 1  0.0017847
4 10000 1  0.002021
5 10000 1  0.0018857
6 10000 1  0.0020228
7 10000 1  0.0024035
8 10000 1  0.0018131
9 10000 1  0.0024116
10 10000 1  0.0020659
11 10000 1  0.0023172
12 10000 1  0.0017957
13 10000 1  0.0017643
14 10000 1  0.0017897
15 10000 1  0.0019528
16 10000 1  0.0018959
17 10000 1  0.0019127
18 10000 1  0.0018747
19 10000 1  0.0017206
20 10000 1  0.0017847
21 10000 1  0.0018398
22 10000 1  0.0018901
23 10000 1  0.0017541
24 10000 1  0.001718
25 10000 1  0.001777
26 10000 1  0.0019069
27 10000 1  0.001935
28 10000 1  0.0017516
29 10000 1  0.0017584
30 10000 1  0.0017588
31 10000 1  0.0020381
32 10000 1  0.0018686
33 10000 1  0.0017238
34 10000 1  0.0018532
35 10000 1  0.001974
36 10000 1  0.0018478
37 10000 1  0.001785
38 10000 1  0.0018782
39 10000 1  0.0018708
40 10000 1  0.0017574
41 10000 1  0.0024947
42 10000 1  0.001738
43 10000 1  0.0017606
44 10000 1  0.0022405
45 10000 1  0.0019032
46 10000 1  0.0017599
47 10000 1  0.001784
48 10000 1  0.0017986
49 10000 1  0.0018015
50 10000 1  0.0018351
51 10000 1  0.001908
52 10000 1  0.0021009
53 10000 1  0.0020089
54 10000 1  0.0018652
55 10000 1  0.0017391
56 10000 1  0.0020014
57 10000 1  0.0020089
58 10000 1  0.001819
59 10000 1  0.0017416
60 10000 1  0.0017679
61 10000 1  0.0017424
62 10000 1  0.0017344
63 10000 1  0.001839
64 10000 1  0.0020308
65 10000 1  0.0019313
66 10000 1  0.001921
67 10000 1  0.0019416
68 10000 1  0.0017377
69 10000 1  0.0018387
70 10000 1  0.0017836
71 10000 1  0.0018408
72 10000 1  0.0017392
73 10000 1  0.0018365
74 10000 1  0.0018187
75 10000 1  0.0018817
76 10000 1  0.0018311
77 10000 1  0.0018512
78 10000 1  0.0019298
79 10000 1  0.002103
80 10000 1  0.0024087
81 10000 1  0.0019029
82 10000 1  0.0020692
83 10000 1  0.0017881
84 10000 1  0.002432
85 10000 1  0.0019437
86 10000 1  0.0019718
87 10000 1  0.0018143
88 10000 1  0.0020016
89 10000 1  0.0020692
90 10000 1  0.0018904
91 10000 1  0.0019069
92 10000 1  0.002207
93 10000 1  0.0018587
94 10000 1  0.0020108
95 10000 1  0.0018353
96 10000 1  0.0017373
97 10000 1  0.0019076
98 10000 1  0.0019772
99 10000 1  0.001773
0 10000 0.25  0.0016101
1 10000 0.25  0.0019032
2 10000 0.25  0.0028959
3 10000 0.25  0.0018102
4 10000 0.25  0.0021763
5 10000 0.25  0.0019225
6 10000 0.25  0.0017053
7 10000 0.25  0.0015816
8 10000 0.25  0.001629
9 10000 0.25  0.0018076
10 10000 0.25  0.0019788
11 10000 0.25  0.0016562
12 10000 0.25  0.0016072
13 10000 0.25  0.0016537
14 10000 0.25  0.0019149
15 10000 0.25  0.0018496
16 10000 0.25  0.0020523
17 10000 0.25  0.0016826
18 10000 0.25  0.0017185
19 10000 0.25  0.0021196
20 10000 0.25  0.0018172
21 10000 0.25  0.0017409
22 10000 0.25  0.0019846
23 10000 0.25  0.0017971
24 10000 0.25  0.0019241
25 10000 0.25  0.0023419
26 10000 0.25  0.002132
27 10000 0.25  0.0020709
28 10000 0.25  0.0022085
29 10000 0.25  0.0018755
30 10000 0.25  0.0020217
31 10000 0.25  0.0020196
32 10000 0.25  0.0018164
33 10000 0.25  0.0018751
34 10000 0.25  0.0016644
35 10000 0.25  0.0017745
36 10000 0.25  0.0016705
37 10000 0.25  0.0016783
38 10000 0.25  0.0018704
39 10000 0.25  0.0020141
40 10000 0.25  0.0018227
41 10000 0.25  0.0017533
42 10000 0.25  0.0019131
43 10000 0.25  0.0018022
44 10000 0.25  0.0017106
45 10000 0.25  0.0016971
46 10000 0.25  0.0016264
47 10000 0.25  0.0015994
48 10000 0.25  0.001742
49 10000 0.25  0.0017307
50 10000 0.25  0.001796
51 10000 0.25  0.0017435
52 10000 0.25  0.0017654
53 10000 0.25  0.0018496
54 10000 0.25  0.0023109
55 10000 0.25  0.0016752
56 10000 0.25  0.002094
57 10000 0.25  0.0018803
58 10000 0.25  0.0017558
59 10000 0.25  0.0016513
60 10000 0.25  0.0017596
61 10000 0.25  0.0017195
62 10000 0.25  0.0018033
63 10000 0.25  0.0018325
64 10000 0.25  0.0018602
65 10000 0.25  0.0020151
66 10000 0.25  0.0018842
67 10000 0.25  0.0018128
68 10000 0.25  0.0021104
69 10000 0.25  0.0018697
70 10000 0.25  0.0017089
71 10000 0.25  0.0018212
72 10000 0.25  0.0020389
73 10000 0.25  0.0019171
74 10000 0.25  0.0020079
75 10000 0.25  0.0016235
76 10000 0.25  0.0018774
77 10000 0.25  0.0025903
78 10000 0.25  0.0017642
79 10000 0.25  0.001769
80 10000 0.25  0.0016031
81 10000 0.25  0.0020096
82 10000 0.25  0.0018537
83 10000 0.25  0.0016936
84 10000 0.25  0.0016399
85 10000 0.25  0.0017238
86 10000 0.25  0.001979
87 10000 0.25  0.001655
88 10000 0.25  0.001632
89 10000 0.25  0.0017468
90 10000 0.25  0.0017161
91 10000 0.25  0.0018263
92 10000 0.25  0.0017147
93 10000 0.25  0.0020597
94 10000 0.25  0.0017064
95 10000 0.25  0.0017683
96 10000 0.25  0.0015728
97 10000 0.25  0.0017325
98 10000 0.25  0.0016749
99 10000 0.25  0.0017709
0 10000 0.5  0.0017246
1 10000 0.5  0.0016783
2 10000 0.5  0.0016046
3 10000 0.5  0.0016056
4 10000 0.5  0.0016617
5 10000 0.5  0.0021975
6 10000 0.5  0.0019084
7 10000 0.5  0.0016385
8 10000 0.5  0.0015838
9 10000 0.5  0.0018445
10 10000 0.5  0.0017937
11 10000 0.5  0.0015312
12 10000 0.5  0.0018357
13 10000 0.5  0.0016878
14 10000 0.5  0.0017585
15 10000 0.5  0.0018927
16 10000 0.5  0.001455
17 10000 0.5  0.001511
18 10000 0.5  0.001994
19 10000 0.5  0.0020374
20 10000 0.5  0.0020174
21 10000 0.5  0.0015605
22 10000 0.5  0.0016253
23 10000 0.5  0.0018025
24 10000 0.5  0.0019112
25 10000 0.5  0.0015604
26 10000 0.5  0.0015757
27 10000 0.5  0.0015434
28 10000 0.5  0.0016991
29 10000 0.5  0.0019757
30 10000 0.5  0.0016206
31 10000 0.5  0.0015253
32 10000 0.5  0.0016326
33 10000 0.5  0.0015177
34 10000 0.5  0.0015163
35 10000 0.5  0.0015702
36 10000 0.5  0.0014593
37 10000 0.5  0.0015721
38 10000 0.5  0.0018558
39 10000 0.5  0.0016407
40 10000 0.5  0.0016279
41 10000 0.5  0.0014991
42 10000 0.5  0.0016071
43 10000 0.5  0.00163
44 10000 0.5  0.0016943
45 10000 0.5  0.0015994
46 10000 0.5  0.0014714
47 10000 0.5  0.0016468
48 10000 0.5  0.0015721
49 10000 0.5  0.0015849
50 10000 0.5  0.0016487
51 10000 0.5  0.0018988
52 10000 0.5  0.0014309
53 10000 0.5  0.0014292
54 10000 0.5  0.0017505
55 10000 0.5  0.0015054
56 10000 0.5  0.0017442
57 10000 0.5  0.0015798
58 10000 0.5  0.0022242
59 10000 0.5  0.0014284
60 10000 0.5  0.0014798
61 10000 0.5  0.0016429
62 10000 0.5  0.0016436
63 10000 0.5  0.0014985
64 10000 0.5  0.0015253
65 10000 0.5  0.0013946
66 10000 0.5  0.0014984
67 10000 0.5  0.0018226
68 10000 0.5  0.0016425
69 10000 0.5  0.0020429
70 10000 0.5  0.0018865
71 10000 0.5  0.0014263
72 10000 0.5  0.0015017
73 10000 0.5  0.0016902
74 10000 0.5  0.0016776
75 10000 0.5  0.0017373
76 10000 0.5  0.0015327
77 10000 0.5  0.001567
78 10000 0.5  0.0022204
79 10000 0.5  0.0016151
80 10000 0.5  0.0015119
81 10000 0.5  0.0014423
82 10000 0.5  0.0016125
83 10000 0.5  0.0018769
84 10000 0.5  0.0014747
85 10000 0.5  0.0017183
86 10000 0.5  0.0015721
87 10000 0.5  0.0016644
88 10000 0.5  0.0016877
89 10000 0.5  0.0019186
90 10000 0.5  0.0015831
91 10000 0.5  0.0014838
92 10000 0.5  0.0016811
93 10000 0.5  0.0016702
94 10000 0.5  0.0014631
95 10000 0.5  0.0014106
96 10000 0.5  0.0017391
97 10000 0.5  0.0016046
98 10000 0.5  0.0013967
99 10000 0.5  0.0017045
0 10000 0.75  0.001257
1 10000 0.75  0.0014532
2 10000 0.75  0.0014244
3 10000 0.75  0.0017937
4 10000 0.75  0.0013726
5 10000 0.75  0.0013884
6 10000 0.75  0.0013639
7 10000 0.75  0.0013919
8 10000 0.75  0.0013548
9 10000 0.75  0.0013413
10 10000 0.75  0.0014481
11 10000 0.75  0.0013344
12 10000 0.75  0.0014411
13 10000 0.75  0.0013941
14 10000 0.75  0.0012577
15 10000 0.75  0.0015281
16 10000 0.75  0.0013609
17 10000 0.75  0.0013605
18 10000 0.75  0.0013544
19 10000 0.75  0.0013712
20 10000 0.75  0.0014033
21 10000 0.75  0.0016111
22 10000 0.75  0.0014423
23 10000 0.75  0.0015247
24 10000 0.75  0.0013924
25 10000 0.75  0.0014386
26 10000 0.75  0.001369
27 10000 0.75  0.00137
28 10000 0.75  0.001377
29 10000 0.75  0.0013544
33 10000 0.75  0.0012978
35 10000 0.75  0.0013898
36 10000 0.75  0.0014773
37 10000 0.75  0.0013806
38 10000 0.75  0.0013216
39 10000 0.75  0.0013978
40 10000 0.75  0.0014667
41 10000 0.75  0.0014284
42 10000 0.75  0.0013205
43 10000 0.75  0.0013814
44 10000 0.75  0.0015167
45 10000 0.75  0.001548
46 10000 0.75  0.0014517
47 10000 0.75  0.0015885
48 10000 0.75  0.0017063
49 10000 0.75  0.0016305
50 10000 0.75  0.0015145
51 10000 0.75  0.0014073
52 10000 0.75  0.0015021
53 10000 0.75  0.001412
54 10000 0.75  0.0020275
55 10000 0.75  0.0015184
56 10000 0.75  0.0014867
57 10000 0.75  0.0014686
58 10000 0.75  0.0013843
59 10000 0.75  0.0013773
60 10000 0.75  0.0013085
61 10000 0.75  0.0015552
62 10000 0.75  0.0016294
63 10000 0.75  0.0013993
64 10000 0.75  0.0017137
65 10000 0.75  0.0013963
66 10000 0.75  0.0013902
67 10000 0.75  0.0021873
68 10000 0.75  0.0013201
69 10000 0.75  0.0012589
70 10000 0.75  0.0012593
71 10000 0.75  0.0013796
72 10000 0.75  0.0012774
73 10000 0.75  0.0013219
74 10000 0.75  0.0012939
75 10000 0.75  0.001276
76 10000 0.75  0.0020232
77 10000 0.75  0.0013398
78 10000 0.75  0.0020378
79 10000 0.75  0.0014905
80 10000 0.75  0.0014116
81 10000 0.75  0.0013643
82 10000 0.75  0.0012968
83 10000 0.75  0.001624
84 10000 0.75  0.0013948
85 10000 0.75  0.0013249
86 10000 0.75  0.0012895
87 10000 0.75  0.0027069
88 10000 0.75  0.0015648
89 10000 0.75  0.0016243
90 10000 0.75  0.0014692
91 10000 0.75  0.0014759
92 10000 0.75  0.0014573
93 10000 0.75  0.0020163
94 10000 0.75  0.0016162
95 10000 0.75  0.0014737
96 10000 0.75  0.0014084
97 10000 0.75  0.0015506
98 10000 0.75  0.0015443
99 10000 0.75  0.0018474
0 10000 0.95  0.0014795
1 10000 0.95  0.0013744
2 10000 0.95  0.0012991
3 10000 0.95  0.0012993
4 10000 0.95  0.0012355
5 10000 0.95  0.0014418
6 10000 0.95  0.001567
7 10000 0.95  0.0012807
8 10000 0.95  0.0013771
9 10000 0.95  0.0013989
10 10000 0.95  0.0014803
11 10000 0.95  0.0014474
12 10000 0.95  0.0014488
13 10000 0.95  0.0013041
14 10000 0.95  0.0011977
15 10000 0.95  0.001238
17 10000 0.95  0.001602
19 10000 0.95  0.0013545
20 10000 0.95  0.0012855
21 10000 0.95  0.0013037
22 10000 0.95  0.0012716
23 10000 0.95  0.0015917
24 10000 0.95  0.0016552
25 10000 0.95  0.0013759
26 10000 0.95  0.0014561
27 10000 0.95  0.0012366
28 10000 0.95  0.0016917
29 10000 0.95  0.0013424
30 10000 0.95  0.0015284
31 10000 0.95  0.0012756
32 10000 0.95  0.0012646
33 10000 0.95  0.001583
34 10000 0.95  0.0017253
35 10000 0.95  0.0018026
36 10000 0.95  0.0013063
37 10000 0.95  0.0013551
38 10000 0.95  0.0013511
39 10000 0.95  0.0013514
40 10000 0.95  0.0013554
41 10000 0.95  0.0018109
42 10000 0.95  0.0012527
43 10000 0.95  0.0011917
44 10000 0.95  0.0013406
45 10000 0.95  0.0013743
46 10000 0.95  0.001388
47 10000 0.95  0.001237
48 10000 0.95  0.0013938
49 10000 0.95  0.0014199
50 10000 0.95  0.0012344
51 10000 0.95  0.0013638
52 10000 0.95  0.0012425
53 10000 0.95  0.0014032
54 10000 0.95  0.0014572
55 10000 0.95  0.0013033
56 10000 0.95  0.0011881
57 10000 0.95  0.0011666
58 10000 0.95  0.0012005
59 10000 0.95  0.0020553
60 10000 0.95  0.0011637
61 10000 0.95  0.0012092
62 10000 0.95  0.0011873
63 10000 0.95  0.0012512
64 10000 0.95  0.0012206
65 10000 0.95  0.0011707
66 10000 0.95  0.0014389
67 10000 0.95  0.0011524
68 10000 0.95  0.0011972
69 10000 0.95  0.0012552
70 10000 0.95  0.0017987
71 10000 0.95  0.0013049
72 10000 0.95  0.0014962
73 10000 0.95  0.0012562
74 10000 0.95  0.0013745
75 10000 0.95  0.001326
76 10000 0.95  0.0013639
77 10000 0.95  0.0013558
78 10000 0.95  0.001264
79 10000 0.95  0.0013818
80 10000 0.95  0.0012621
81 10000 0.95  0.0016491
82 10000 0.95  0.0012078
83 10000 0.95  0.0012461
84 10000 0.95  0.0015698
85 10000 0.95  0.0012075
86 10000 0.95  0.0012312
87 10000 0.95  0.001163
88 10000 0.95  0.0011425
89 10000 0.95  0.0011699
90 10000 0.95  0.0011327
91 10000 0.95  0.0011637
92 10000 0.95  0.0020728
93 10000 0.95  0.0012023
94 10000 0.95  0.0014798
95 10000 0.95  0.0014277
96 10000 0.95  0.0011502
97 10000 0.95  0.0013034
98 10000 0.95  0.0013861
99 10000 0.95  0.0019561
0 10000 0.99  0.0012457
1 10000 0.99  0.001668
2 10000 0.99  0.0013901
3 10000 0.99  0.0012206
4 10000 0.99  0.0014572
5 10000 0.99  0.0013449
6 10000 0.99  0.0014007
7 10000 0.99  0.0011994
8 10000 0.99  0.001133
9 10000 0.99  0.0012687
10 10000 0.99  0.0012454
11 10000 0.99  0.0011801
12 10000 0.99  0.0012205
13 10000 0.99  0.0012625
14 10000 0.99  0.0011899
15 10000 0.99  0.0011954
16 10000 0.99  0.0014919
17 10000 0.99  0.0011995
18 10000 0.99  0.0014335
19 10000 0.99  0.0011714
20 10000 0.99  0.001489
21 10000 0.99  0.0011925
22 10000 0.99  0.0012978
23 10000 0.99  0.0013431
24 10000 0.99  0.0013825
25 10000 0.99  0.0015104
26 10000 0.99  0.0014671
27 10000 0.99  0.0013602
28 10000 0.99  0.0015476
29 10000 0.99  0.0014003
30 10000 0.99  0.0013376
31 10000 0.99  0.0012311
32 10000 0.99  0.0014933
33 10000 0.99  0.0014809
34 10000 0.99  0.0011458
35 10000 0.99  0.0012978
36 10000 0.99  0.0012162
37 10000 0.99  0.0011888
38 10000 0.99  0.0015637
41 10000 0.99  0.0013919
42 10000 0.99  0.0011838
43 10000 0.99  0.0014145
44 10000 0.99  0.0014889
45 10000 0.99  0.0012184
46 10000 0.99  0.0016556
47 10000 0.99  0.0011027
48 10000 0.99  0.0011176
49 10000 0.99  0.0016572
50 10000 0.99  0.0016596
51 10000 0.99  0.0012402
52 10000 0.99  0.0010896
53 10000 0.99  0.0011414
54 10000 0.99  0.001451
55 10000 0.99  0.0011794
56 10000 0.99  0.0013307
57 10000 0.99  0.0011695
58 10000 0.99  0.0017595
59 10000 0.99  0.0012534
60 10000 0.99  0.0011071
61 10000 0.99  0.0012257
62 10000 0.99  0.0012658
63 10000 0.99  0.0012202
64 10000 0.99  0.0014755
65 10000 0.99  0.0011454
66 10000 0.99  0.0012457
67 10000 0.99  0.0014386
68 10000 0.99  0.0011881
69 10000 0.99  0.0012122
70 10000 0.99  0.0017508
71 10000 0.99  0.001222
72 10000 0.99  0.0013162
73 10000 0.99  0.0011772
74 10000 0.99  0.0011367
75 10000 0.99  0.0011979
76 10000 0.99  0.0011951
77 10000 0.99  0.0014743
78 10000 0.99  0.0013343
79 10000 0.99  0.0014514
80 10000 0.99  0.0013155
81 10000 0.99  0.0012223
82 10000 0.99  0.001295
83 10000 0.99  0.0012653
84 10000 0.99  0.0013281
85 10000 0.99  0.0012902
86 10000 0.99  0.0013727
87 10000 0.99  0.0015437
88 10000 0.99  0.0014065
89 10000 0.99  0.0015958
90 10000 0.99  0.0013332
91 10000 0.99  0.0014007
92 10000 0.99  0.0014372
93 10000 0.99  0.0012923
94 10000 0.99  0.0013186
95 10000 0.99  0.0014942
96 10000 0.99  0.0012562
97 10000 0.99  0.0012975
98 10000 0.99  0.0014912
99 10000 0.99  0.0020658
0 10000 0.997  0.0012282
1 10000 0.997  0.0013578
2 10000 0.997  0.0014807
3 10000 0.997  0.001272
4 10000 0.997  0.0013111
5 10000 0.997  0.0017052
6 10000 0.997  0.0012075
7 10000 0.997  0.0014164
8 10000 0.997  0.0014449
9 10000 0.997  0.0012169
10 10000 0.997  0.0011743
11 10000 0.997  0.0012458
12 10000 0.997  0.001147
13 10000 0.997  0.0015018
14 10000 0.997  0.0012264
15 10000 0.997  0.0012082
16 10000 0.997  0.0012272
17 10000 0.997  0.0015013
18 10000 0.997  0.0011327
19 10000 0.997  0.001137
20 10000 0.997  0.0012198
21 10000 0.997  0.0011455
22 10000 0.997  0.0014105
23 10000 0.997  0.0011984
25 10000 0.997  0.0012053
26 10000 0.997  0.0013179
27 10000 0.997  0.0013539
28 10000 0.997  0.0011513
29 10000 0.997  0.0013281
30 10000 0.997  0.0012439
31 10000 0.997  0.0012526
32 10000 0.997  0.0011363
33 10000 0.997  0.0015518
34 10000 0.997  0.0013734
35 10000 0.997  0.0013526
36 10000 0.997  0.0018577
37 10000 0.997  0.0013007
38 10000 0.997  0.0012151
39 10000 0.997  0.001257
40 10000 0.997  0.0014639
41 10000 0.997  0.0010998
42 10000 0.997  0.0010972
43 10000 0.997  0.0012108
44 10000 0.997  0.0019046
45 10000 0.997  0.0014922
46 10000 0.997  0.0012394
47 10000 0.997  0.0011662
48 10000 0.997  0.0013085
49 10000 0.997  0.0012341
50 10000 0.997  0.0011162
51 10000 0.997  0.0011005
52 10000 0.997  0.001156
53 10000 0.997  0.0011158
54 10000 0.997  0.0017512
55 10000 0.997  0.0012792
56 10000 0.997  0.001629
57 10000 0.997  0.0012596
58 10000 0.997  0.0013814
59 10000 0.997  0.0014314
60 10000 0.997  0.0014003
61 10000 0.997  0.0013245
62 10000 0.997  0.0012176
63 10000 0.997  0.0012105
64 10000 0.997  0.0013909
65 10000 0.997  0.0011659
66 10000 0.997  0.0013285
67 10000 0.997  0.0012661
68 10000 0.997  0.0012946
69 10000 0.997  0.0011677
70 10000 0.997  0.001296
71 10000 0.997  0.0013121
72 10000 0.997  0.0013147
73 10000 0.997  0.0013204
74 10000 0.997  0.0014201
75 10000 0.997  0.0013566
76 10000 0.997  0.0013023
77 10000 0.997  0.001489
78 10000 0.997  0.0011513
79 10000 0.997  0.0011407
80 10000 0.997  0.0013405
81 10000 0.997  0.0014109
82 10000 0.997  0.001241
83 10000 0.997  0.0016155
84 10000 0.997  0.0013157
85 10000 0.997  0.0014951
86 10000 0.997  0.00157
87 10000 0.997  0.0012815
88 10000 0.997  0.0017208
89 10000 0.997  0.0015393
90 10000 0.997  0.0013576
91 10000 0.997  0.0012285
92 10000 0.997  0.0011753
93 10000 0.997  0.0012213
94 10000 0.997  0.0012913
95 10000 0.997  0.0013168
96 10000 0.997  0.0012551
97 10000 0.997  0.0012859
98 10000 0.997  0.001264
99 10000 0.997  0.0018464
0 50000 -1  0.0069339
1 50000 -1  0.0071717
2 50000 -1  0.0071647
3 50000 -1  0.0069013
4 50000 -1  0.0063894
5 50000 -1  0.0082164
6 50000 -1  0.0103578
7 50000 -1  0.0070499
8 50000 -1  0.0067136
9 50000 -1  0.0078007
10 50000 -1  0.0081307
11 50000 -1  0.0076475
12 50000 -1  0.0061233
13 50000 -1  0.006928
14 50000 -1  0.0069754
15 50000 -1  0.0074611
16 50000 -1  0.007032
17 50000 -1  0.0071347
18 50000 -1  0.0080125
19 50000 -1  0.0070073
20 50000 -1  0.0074797
21 50000 -1  0.0065126
22 50000 -1  0.0071038
23 50000 -1  0.0072278
24 50000 -1  0.0068234
25 50000 -1  0.0068555
26 50000 -1  0.0061062
27 50000 -1  0.0064817
28 50000 -1  0.0062199
29 50000 -1  0.0069937
30 50000 -1  0.0077012
31 50000 -1  0.0070251
32 50000 -1  0.0066753
33 50000 -1  0.0068146
34 50000 -1  0.0062078
35 50000 -1  0.0069057
36 50000 -1  0.0061608
37 50000 -1  0.0064678
38 50000 -1  0.0062789
39 50000 -1  0.0073886
40 50000 -1  0.0071712
41 50000 -1  0.0069699
42 50000 -1  0.007862
43 50000 -1  0.0068431
44 50000 -1  0.0073995
45 50000 -1  0.0067578
46 50000 -1  0.0080993
47 50000 -1  0.0066148
48 50000 -1  0.006547
49 50000 -1  0.006221
50 50000 -1  0.0071194
51 50000 -1  0.0060192
52 50000 -1  0.0070811
53 50000 -1  0.0065156
54 50000 -1  0.0071341
55 50000 -1  0.0062604
56 50000 -1  0.0065585
57 50000 -1  0.0064263
58 50000 -1  0.006841
59 50000 -1  0.0066097
60 50000 -1  0.0067531
61 50000 -1  0.0064751
62 50000 -1  0.0060182
63 50000 -1  0.007014
64 50000 -1  0.0061247
65 50000 -1  0.0062371
66 50000 -1  0.0065491
67 50000 -1  0.007234
68 50000 -1  0.0061302
69 50000 -1  0.0064565
70 50000 -1  0.006299
71 50000 -1  0.0075189
72 50000 -1  0.0062585
73 50000 -1  0.0065429
74 50000 -1  0.0060564
75 50000 -1  0.0067053
76 50000 -1  0.0064473
77 50000 -1  0.0061855
78 50000 -1  0.0064913
79 50000 -1  0.0067139
80 50000 -1  0.0060306
81 50000 -1  0.0067188
82 50000 -1  0.006299
83 50000 -1  0.0063457
84 50000 -1  0.0063571
85 50000 -1  0.006632
86 50000 -1  0.0068273
87 50000 -1  0.0064303
88 50000 -1  0.0058942
89 50000 -1  0.0066115
90 50000 -1  0.0063128
91 50000 -1  0.0070226
92 50000 -1  0.0062397
93 50000 -1  0.0083298
94 50000 -1  0.0082014
95 50000 -1  0.0178383
96 50000 -1  0.00749
97 50000 -1  0.009573
98 50000 -1  0.0083634
99 50000 -1  0.0133612
0 50000 1  0.0107877
1 50000 1  0.0107673
2 50000 1  0.0151285
3 50000 1  0.0111575
4 50000 1  0.0200165
5 50000 1  0.0146485
6 50000 1  0.0182576
7 50000 1  0.0422976
8 50000 1  0.0147579
9 50000 1  0.0125527
10 50000 1  0.0218956
11 50000 1  0.01287
12 50000 1  0.0100492
13 50000 1  0.0102203
14 50000 1  0.0110419
15 50000 1  0.010105
16 50000 1  0.0095661
17 50000 1  0.009669
18 50000 1  0.0099457
19 50000 1  0.0122244
20 50000 1  0.009585
21 50000 1  0.0095324
22 50000 1  0.0100675
23 50000 1  0.0099052
24 50000 1  0.0100966
25 50000 1  0.0098662
26 50000 1  0.0097743
27 50000 1  0.009814
28 50000 1  0.0102531
29 50000 1  0.0107072
30 50000 1  0.0110846
31 50000 1  0.0116921
32 50000 1  0.0110273
33 50000 1  0.0100391
34 50000 1  0.0102553
35 50000 1  0.009497
36 50000 1  0.0095197
37 50000 1  0.0109589
38 50000 1  0.0113151
39 50000 1  0.0106995
40 50000 1  0.0113793
41 50000 1  0.0097976
42 50000 1  0.0100898
43 50000 1  0.0119244
44 50000 1  0.0101557
45 50000 1  0.01067
46 50000 1  0.0142817
47 50000 1  0.0110624
48 50000 1  0.010679
49 50000 1  0.0101293
50 50000 1  0.0101022
51 50000 1  0.0135235
52 50000 1  0.0230345
53 50000 1  0.0124685
54 50000 1  0.011773
55 50000 1  0.0124769
56 50000 1  0.0113384
57 50000 1  0.0099442
58 50000 1  0.0117151
59 50000 1  0.0119371
60 50000 1  0.0097598
61 50000 1  0.0099968
62 50000 1  0.0100595
63 50000 1  0.0097199
64 50000 1  0.0095056
65 50000 1  0.0096947
66 50000 1  0.0096941
67 50000 1  0.0099516
68 50000 1  0.0099439
69 50000 1  0.0101922
70 50000 1  0.0100912
71 50000 1  0.0098735
72 50000 1  0.0101904
73 50000 1  0.0104726
74 50000 1  0.0108804
75 50000 1  0.0099292
76 50000 1  0.0099592
77 50000 1  0.012242
78 50000 1  0.0106973
79 50000 1  0.0096846
80 50000 1  0.0098162
81 50000 1  0.0101117
82 50000 1  0.0106462
83 50000 1  0.0099715
84 50000 1  0.0109646
85 50000 1  0.0104719
86 50000 1  0.0102097
87 50000 1  0.0098694
88 50000 1  0.0115324
89 50000 1  0.0102273
90 50000 1  0.0113402
91 50000 1  0.0101711
92 50000 1  0.0139928
93 50000 1  0.0103493
94 50000 1  0.0134054
95 50000 1  0.01258
96 50000 1  0.0114967
97 50000 1  0.0118609
98 50000 1  0.0107093
99 50000 1  0.0108118
0 50000 0.25  0.0092911
1 50000 0.25  0.0108711
2 50000 0.25  0.0086854
3 50000 0.25  0.0101274
4 50000 0.25  0.0099822
5 50000 0.25  0.0089862
6 50000 0.25  0.0087232
7 50000 0.25  0.0096616
8 50000 0.25  0.0091263
9 50000 0.25  0.0086395
10 50000 0.25  0.0101521
11 50000 0.25  0.0093735
12 50000 0.25  0.0090533
13 50000 0.25  0.0099851
14 50000 0.25  0.0094117
15 50000 0.25  0.0100756
16 50000 0.25  0.0090443
17 50000 0.25  0.010146
18 50000 0.25  0.0090093
19 50000 0.25  0.0101272
20 50000 0.25  0.0099001
21 50000 0.25  0.0090015
22 50000 0.25  0.0094662
23 50000 0.25  0.0107597
24 50000 0.25  0.0090354
25 50000 0.25  0.009759
26 50000 0.25  0.0097379
27 50000 0.25  0.0092175
28 50000 0.25  0.0091449
29 50000 0.25  0.0098064
30 50000 0.25  0.0097692
31 50000 0.25  0.0101134
32 50000 0.25  0.0099489
33 50000 0.25  0.0101616
34 50000 0.25  0.0112545
35 50000 0.25  0.0092637
36 50000 0.25  0.0104095
37 50000 0.25  0.0099461
38 50000 0.25  0.009689
39 50000 0.25  0.0096766
40 50000 0.25  0.0090978
41 50000 0.25  0.0096131
42 50000 0.25  0.0102907
43 50000 0.25  0.0135592
44 50000 0.25  0.0127507
45 50000 0.25  0.0124568
46 50000 0.25  0.0113733
47 50000 0.25  0.0125782
48 50000 0.25  0.0125396
49 50000 0.25  0.0121384
50 50000 0.25  0.0120429
51 50000 0.25  0.0122549
52 50000 0.25  0.011714
53 50000 0.25  0.0111983
54 50000 0.25  0.0107174
55 50000 0.25  0.0172384
56 50000 0.25  0.0115743
57 50000 0.25  0.0125593
58 50000 0.25  0.0110875
59 50000 0.25  0.0098819
60 50000 0.25  0.0091729
61 50000 0.25  0.0109147
62 50000 0.25  0.0092448
63 50000 0.25  0.0090661
64 50000 0.25  0.009504
65 50000 0.25  0.0087638
66 50000 0.25  0.0093265
67 50000 0.25  0.0092652
68 50000 0.25  0.0087325
69 50000 0.25  0.0100923
70 50000 0.25  0.0098586
71 50000 0.25  0.0092291
72 50000 0.25  0.0123781
73 50000 0.25  0.0092153
74 50000 0.25  0.0102641
75 50000 0.25  0.0106893
76 50000 0.25  0.0090252
77 50000 0.25  0.0091011
78 50000 0.25  0.0090241
79 50000 0.25  0.0100365
80 50000 0.25  0.0102571
81 50000 0.25  0.0093794
82 50000 0.25  0.0099621
83 50000 0.25  0.0119156
84 50000 0.25  0.0101601
85 50000 0.25  0.0091635
86 50000 0.25  0.0097728
87 50000 0.25  0.00891
88 50000 0.25  0.0104107
89 50000 0.25  0.0089206
90 50000 0.25  0.0095256
91 50000 0.25  0.0096324
92 50000 0.25  0.0088793
93 50000 0.25  0.0094461
94 50000 0.25  0.0092413
95 50000 0.25  0.0102327
96 50000 0.25  0.0088232
97 50000 0.25  0.0096937
98 50000 0.25  0.0092966
99 50000 0.25  0.0105831
0 50000 0.5  0.0086561
1 50000 0.5  0.0081591
2 50000 0.5  0.0092131
3 50000 0.5  0.0095359
4 50000 0.5  0.0082132
5 50000 0.5  0.0092298
6 50000 0.5  0.008576
7 50000 0.5  0.0078587
8 50000 0.5  0.0082821
9 50000 0.5  0.0085655
10 50000 0.5  0.0081956
11 50000 0.5  0.0095286
12 50000 0.5  0.0080585
13 50000 0.5  0.0082774
14 50000 0.5  0.0098181
15 50000 0.5  0.0084268
16 50000 0.5  0.0087896
17 50000 0.5  0.0090114
18 50000 0.5  0.0086689
19 50000 0.5  0.0085366
20 50000 0.5  0.0085662
21 50000 0.5  0.0087252
22 50000 0.5  0.0083072
23 50000 0.5  0.0093211
24 50000 0.5  0.0079546
25 50000 0.5  0.0088047
26 50000 0.5  0.0082171
27 50000 0.5  0.0092685
28 50000 0.5  0.0085644
29 50000 0.5  0.0081285
30 50000 0.5  0.0098052
31 50000 0.5  0.0083441
32 50000 0.5  0.0083328
33 50000 0.5  0.0086949
34 50000 0.5  0.0081675
35 50000 0.5  0.0087919
36 50000 0.5  0.0084411
37 50000 0.5  0.0080187
38 50000 0.5  0.008984
39 50000 0.5  0.0088604
40 50000 0.5  0.0080151
41 50000 0.5  0.0085872
42 50000 0.5  0.0089921
43 50000 0.5  0.0079583
44 50000 0.5  0.0088277
45 50000 0.5  0.0086373
46 50000 0.5  0.0117424
47 50000 0.5  0.0097644
48 50000 0.5  0.0095649
49 50000 0.5  0.0090063
50 50000 0.5  0.0094343
51 50000 0.5  0.0096674
52 50000 0.5  0.0100456
53 50000 0.5  0.0082569
54 50000 0.5  0.0084703
55 50000 0.5  0.0083959
56 50000 0.5  0.0089122
57 50000 0.5  0.0085323
58 50000 0.5  0.0083864
59 50000 0.5  0.0086785
60 50000 0.5  0.0084608
61 50000 0.5  0.0115765
62 50000 0.5  0.008307
63 50000 0.5  0.0087237
64 50000 0.5  0.0083652
65 50000 0.5  0.0090833
66 50000 0.5  0.0099733
67 50000 0.5  0.0085414
68 50000 0.5  0.0088006
69 50000 0.5  0.00948
70 50000 0.5  0.0082977
71 50000 0.5  0.0086733
72 50000 0.5  0.0080005
73 50000 0.5  0.0080632
74 50000 0.5  0.0083419
75 50000 0.5  0.0081184
76 50000 0.5  0.0091018
77 50000 0.5  0.008251
78 50000 0.5  0.0083208
79 50000 0.5  0.0087171
80 50000 0.5  0.0082642
81 50000 0.5  0.0084903
82 50000 0.5  0.0095629
83 50000 0.5  0.0085515
84 50000 0.5  0.0092722
85 50000 0.5  0.0094972
86 50000 0.5  0.0083841
87 50000 0.5  0.0080633
88 50000 0.5  0.0086219
89 50000 0.5  0.0079403
90 50000 0.5  0.0097208
91 50000 0.5  0.0081308
92 50000 0.5  0.0082551
93 50000 0.5  0.0088694
94 50000 0.5  0.0082169
95 50000 0.5  0.0087307
96 50000 0.5  0.0084297
97 50000 0.5  0.0082977
98 50000 0.5  0.00912
99 50000 0.5  0.010449
0 50000 0.75  0.0069006
1 50000 0.75  0.0076647
2 50000 0.75  0.0074784
3 50000 0.75  0.0071914
4 50000 0.75  0.0077164
5 50000 0.75  0.0073233
6 50000 0.75  0.0080005
7 50000 0.75  0.0074349
8 50000 0.75  0.0079217
9 50000 0.75  0.0081064
10 50000 0.75  0.0069514
11 50000 0.75  0.0077876
12 50000 0.75  0.0080151
13 50000 0.75  0.0075775
14 50000 0.75  0.0083466
15 50000 0.75  0.0078814
16 50000 0.75  0.0074743
17 50000 0.75  0.0071093
18 50000 0.75  0.0077077
19 50000 0.75  0.0083547
20 50000 0.75  0.0078256
21 50000 0.75  0.0074648
22 50000 0.75  0.0083923
23 50000 0.75  0.0074558
24 50000 0.75  0.0074218
25 50000 0.75  0.0076504
26 50000 0.75  0.0076296
27 50000 0.75  0.007394
28 50000 0.75  0.007595
29 50000 0.75  0.007198
30 50000 0.75  0.0080742
31 50000 0.75  0.0070772
32 50000 0.75  0.0075414
33 50000 0.75  0.007311
34 50000 0.75  0.0076376
35 50000 0.75  0.0077222
36 50000 0.75  0.0073645
37 50000 0.75  0.0074609
38 50000 0.75  0.0077167
39 50000 0.75  0.0087693
40 50000 0.75  0.0075042
41 50000 0.75  0.0070206
42 50000 0.75  0.0080243
43 50000 0.75  0.0072712
44 50000 0.75  0.0081781
45 50000 0.75  0.0074627
46 50000 0.75  0.0081635
47 50000 0.75  0.0076001
48 50000 0.75  0.0078801
49 50000 0.75  0.0085982
50 50000 0.75  0.0076628
51 50000 0.75  0.0073725
52 50000 0.75  0.0088612
53 50000 0.75  0.0074695
54 50000 0.75  0.0073645
55 50000 0.75  0.0077032
56 50000 0.75  0.0087146
57 50000 0.75  0.0077295
58 50000 0.75  0.0076954
59 50000 0.75  0.0076372
60 50000 0.75  0.0072402
61 50000 0.75  0.0087838
62 50000 0.75  0.0071471
63 50000 0.75  0.0080611
64 50000 0.75  0.0082575
65 50000 0.75  0.0083336
66 50000 0.75  0.0081304
67 50000 0.75  0.0081202
68 50000 0.75  0.0087473
69 50000 0.75  0.0094967
70 50000 0.75  0.0096678
71 50000 0.75  0.0081237
72 50000 0.75  0.0088528
73 50000 0.75  0.0072128
74 50000 0.75  0.0078667
75 50000 0.75  0.0071599
76 50000 0.75  0.0071862
77 50000 0.75  0.0079385
78 50000 0.75  0.0072847
79 50000 0.75  0.0075198
80 50000 0.75  0.0071801
81 50000 0.75  0.0088302
82 50000 0.75  0.0071461
83 50000 0.75  0.0079904
84 50000 0.75  0.0072555
85 50000 0.75  0.00719
86 50000 0.75  0.0081621
87 50000 0.75  0.0073241
88 50000 0.75  0.007424
89 50000 0.75  0.0078372
90 50000 0.75  0.007913
91 50000 0.75  0.0076548
92 50000 0.75  0.0073682
93 50000 0.75  0.0076283
94 50000 0.75  0.0079123
95 50000 0.75  0.0078677
96 50000 0.75  0.0074579
97 50000 0.75  0.0073087
98 50000 0.75  0.0078295
99 50000 0.75  0.0096478
0 50000 0.95  0.0070075
1 50000 0.95  0.0070513
2 50000 0.95  0.0067414
3 50000 0.95  0.0073314
4 50000 0.95  0.0064169
5 50000 0.95  0.0067275
6 50000 0.95  0.0069619
7 50000 0.95  0.0068303
8 50000 0.95  0.0074896
9 50000 0.95  0.0064339
10 50000 0.95  0.0066411
11 50000 0.95  0.0073096
12 50000 0.95  0.0071217
13 50000 0.95  0.0065214
14 50000 0.95  0.0071396
15 50000 0.95  0.0065699
16 50000 0.95  0.0071108
17 50000 0.95  0.0063825
18 50000 0.95  0.0069733
19 50000 0.95  0.0069426
20 50000 0.95  0.0072567
21 50000 0.95  0.0089049
22 50000 0.95  0.0063952
23 50000 0.95  0.0067734
24 50000 0.95  0.0067439
25 50000 0.95  0.0073916
26 50000 0.95  0.0068025
27 50000 0.95  0.0068744
28 50000 0.95  0.0066782
29 50000 0.95  0.0071359
30 50000 0.95  0.0077318
31 50000 0.95  0.0071067
32 50000 0.95  0.006905
33 50000 0.95  0.0068569
34 50000 0.95  0.0073719
35 50000 0.95  0.0068252
36 50000 0.95  0.0088941
37 50000 0.95  0.0069325
38 50000 0.95  0.0072628
39 50000 0.95  0.0070841
40 50000 0.95  0.007334
41 50000 0.95  0.0068012
42 50000 0.95  0.0069018
43 50000 0.95  0.0070779
44 50000 0.95  0.0067858
45 50000 0.95  0.007478
46 50000 0.95  0.0066633
47 50000 0.95  0.0079247
48 50000 0.95  0.0074375
49 50000 0.95  0.0067745
50 50000 0.95  0.0063916
51 50000 0.95  0.007474
52 50000 0.95  0.0069214
53 50000 0.95  0.007119
54 50000 0.95  0.0064025
55 50000 0.95  0.0069812
56 50000 0.95  0.0068971
57 50000 0.95  0.0065627
58 50000 0.95  0.007095
59 50000 0.95  0.0068102
60 50000 0.95  0.0072147
61 50000 0.95  0.0067899
62 50000 0.95  0.0074805
63 50000 0.95  0.0066891
64 50000 0.95  0.0076267
65 50000 0.95  0.0066451
66 50000 0.95  0.0090137
67 50000 0.95  0.0072176
68 50000 0.95  0.0066786
69 50000 0.95  0.0069576
70 50000 0.95  0.0069328
71 50000 0.95  0.0070976
72 50000 0.95  0.0078335
73 50000 0.95  0.0084786
74 50000 0.95  0.0074207
75 50000 0.95  0.0077824
76 50000 0.95  0.0070811
77 50000 0.95  0.0073186
78 50000 0.95  0.0074484
79 50000 0.95  0.0065042
80 50000 0.95  0.0070608
81 50000 0.95  0.0070816
82 50000 0.95  0.0076183
83 50000 0.95  0.0067031
84 50000 0.95  0.0064473
85 50000 0.95  0.0073276
86 50000 0.95  0.0065714
87 50000 0.95  0.0078787
88 50000 0.95  0.0064719
89 50000 0.95  0.0071318
90 50000 0.95  0.006602
91 50000 0.95  0.0071629
92 50000 0.95  0.0066943
93 50000 0.95  0.0065036
94 50000 0.95  0.0065284
95 50000 0.95  0.0068172
96 50000 0.95  0.0084137
97 50000 0.95  0.0067971
98 50000 0.95  0.007203
99 50000 0.95  0.0101711
0 50000 0.99  0.0061783
1 50000 0.99  0.0066567
2 50000 0.99  0.0068729
3 50000 0.99  0.006587
4 50000 0.99  0.0068919
5 50000 0.99  0.007416
6 50000 0.99  0.0088611
7 50000 0.99  0.0075392
8 50000 0.99  0.0066556
9 50000 0.99  0.0067669
10 50000 0.99  0.0063711
11 50000 0.99  0.0073595
12 50000 0.99  0.006745
13 50000 0.99  0.0068778
14 50000 0.99  0.0070042
15 50000 0.99  0.0065685
16 50000 0.99  0.006451
17 50000 0.99  0.006671
18 50000 0.99  0.0063555
19 50000 0.99  0.0079203
20 50000 0.99  0.0072796
21 50000 0.99  0.0074381
22 50000 0.99  0.0071767
23 50000 0.99  0.0069925
24 50000 0.99  0.0076659
25 50000 0.99  0.0068639
26 50000 0.99  0.0069474
27 50000 0.99  0.0071709
28 50000 0.99  0.0074287
29 50000 0.99  0.007009
30 50000 0.99  0.0083736
31 50000 0.99  0.0075426
32 50000 0.99  0.0066496
33 50000 0.99  0.0071819
34 50000 0.99  0.0062822
35 50000 0.99  0.0069987
36 50000 0.99  0.0067639
37 50000 0.99  0.0065345
38 50000 0.99  0.0068182
39 50000 0.99  0.0071654
40 50000 0.99  0.0070178
41 50000 0.99  0.006886
42 50000 0.99  0.0070827
43 50000 0.99  0.0067117
44 50000 0.99  0.0067734
45 50000 0.99  0.0069215
46 50000 0.99  0.0067611
47 50000 0.99  0.0064431
48 50000 0.99  0.0066067
49 50000 0.99  0.0066246
50 50000 0.99  0.0068866
51 50000 0.99  0.0070903
52 50000 0.99  0.0068547
53 50000 0.99  0.0064431
54 50000 0.99  0.0071885
55 50000 0.99  0.0066824
56 50000 0.99  0.0069281
57 50000 0.99  0.0062552
58 50000 0.99  0.0078697
59 50000 0.99  0.006469
60 50000 0.99  0.0075739
61 50000 0.99  0.0065404
62 50000 0.99  0.0065864
63 50000 0.99  0.0076873
64 50000 0.99  0.0077387
65 50000 0.99  0.006768
66 50000 0.99  0.0064277
67 50000 0.99  0.007106
68 50000 0.99  0.0066998
69 50000 0.99  0.006881
70 50000 0.99  0.0071326
71 50000 0.99  0.0065808
72 50000 0.99  0.0069182
73 50000 0.99  0.0070316
74 50000 0.99  0.0067267
75 50000 0.99  0.0065372
76 50000 0.99  0.0072723
77 50000 0.99  0.006959
78 50000 0.99  0.0067445
79 50000 0.99  0.0064372
80 50000 0.99  0.0077193
81 50000 0.99  0.0066464
82 50000 0.99  0.0077685
83 50000 0.99  0.008682
84 50000 0.99  0.0092922
85 50000 0.99  0.0075498
86 50000 0.99  0.008263
87 50000 0.99  0.0075111
88 50000 0.99  0.007739
89 50000 0.99  0.007909
90 50000 0.99  0.0068001
91 50000 0.99  0.0062728
92 50000 0.99  0.0070717
93 50000 0.99  0.0066692
94 50000 0.99  0.0073165
95 50000 0.99  0.0068628
96 50000 0.99  0.0069382
97 50000 0.99  0.006501
98 50000 0.99  0.0066652
99 50000 0.99  0.0100722
0 50000 0.997  0.0069445
1 50000 0.997  0.0064504
2 50000 0.997  0.0068712
3 50000 0.997  0.006668
4 50000 0.997  0.0067879
5 50000 0.997  0.0064744
6 50000 0.997  0.0065105
7 50000 0.997  0.0076358
8 50000 0.997  0.0072387
9 50000 0.997  0.006617
10 50000 0.997  0.007157
11 50000 0.997  0.0063067
12 50000 0.997  0.0071377
13 50000 0.997  0.0068573
14 50000 0.997  0.0068507
15 50000 0.997  0.0078663
16 50000 0.997  0.006547
17 50000 0.997  0.0065681
18 50000 0.997  0.0064802
19 50000 0.997  0.0076004
20 50000 0.997  0.0065961
21 50000 0.997  0.0068588
22 50000 0.997  0.0061856
23 50000 0.997  0.0065648
24 50000 0.997  0.0070236
25 50000 0.997  0.006931
26 50000 0.997  0.0066545
27 50000 0.997  0.0076157
28 50000 0.997  0.0063052
29 50000 0.997  0.0064511
30 50000 0.997  0.00638
31 50000 0.997  0.0069936
32 50000 0.997  0.00666
33 50000 0.997  0.0068332
34 50000 0.997  0.0064809
35 50000 0.997  0.0068015
36 50000 0.997  0.0066483
37 50000 0.997  0.0074186
38 50000 0.997  0.0070065
39 50000 0.997  0.0067767
40 50000 0.997  0.0068051
41 50000 0.997  0.0063532
42 50000 0.997  0.007551
43 50000 0.997  0.0069214
44 50000 0.997  0.0064083
45 50000 0.997  0.0066607
46 50000 0.997  0.0065047
47 50000 0.997  0.0068668
48 50000 0.997  0.0066979
49 50000 0.997  0.006997
50 50000 0.997  0.0066078
51 50000 0.997  0.0066381
52 50000 0.997  0.0064539
53 50000 0.997  0.0072147
54 50000 0.997  0.0064368
55 50000 0.997  0.0069933
56 50000 0.997  0.0069298
57 50000 0.997  0.0066568
58 50000 0.997  0.0068756
59 50000 0.997  0.0074113
60 50000 0.997  0.0080691
61 50000 0.997  0.0075384
62 50000 0.997  0.0077767
63 50000 0.997  0.0063092
64 50000 0.997  0.007462
65 50000 0.997  0.0065004
66 50000 0.997  0.0077336
67 50000 0.997  0.0066826
68 50000 0.997  0.0071712
69 50000 0.997  0.0070932
70 50000 0.997  0.0093645
71 50000 0.997  0.0069168
72 50000 0.997  0.0063638
73 50000 0.997  0.0072311
74 50000 0.997  0.0062399
75 50000 0.997  0.008297
76 50000 0.997  0.0063467
77 50000 0.997  0.0073722
78 50000 0.997  0.0064375
79 50000 0.997  0.0071476
80 50000 0.997  0.0069477
81 50000 0.997  0.0068255
82 50000 0.997  0.0070666
83 50000 0.997  0.0062549
84 50000 0.997  0.0072756
85 50000 0.997  0.0072463
86 50000 0.997  0.0065969
87 50000 0.997  0.0063511
88 50000 0.997  0.0069025
89 50000 0.997  0.0063807
90 50000 0.997  0.0066264
91 50000 0.997  0.0066042
92 50000 0.997  0.0067705
93 50000 0.997  0.007155
94 50000 0.997  0.0075812
95 50000 0.997  0.0068311
96 50000 0.997  0.0073474
97 50000 0.997  0.0073788
98 50000 0.997  0.0073988
99 50000 0.997  0.0125913
0 100000 -1  0.0137677
1 100000 -1  0.017357
2 100000 -1  0.0178368
3 100000 -1  0.0149829
4 100000 -1  0.0161567
5 100000 -1  0.0144975
6 100000 -1  0.0129237
7 100000 -1  0.0128172
8 100000 -1  0.0136005
9 100000 -1  0.013575
10 100000 -1  0.013224
11 100000 -1  0.0137146
12 100000 -1  0.0132263
13 100000 -1  0.0132623
14 100000 -1  0.0129561
15 100000 -1  0.0127519
16 100000 -1  0.0129557
17 100000 -1  0.0138214
18 100000 -1  0.0134385
19 100000 -1  0.0131705
20 100000 -1  0.0149312
21 100000 -1  0.013555
22 100000 -1  0.0141934
23 100000 -1  0.0133835
24 100000 -1  0.0138877
25 100000 -1  0.0126556
26 100000 -1  0.0129539
27 100000 -1  0.012591
28 100000 -1  0.0132303
29 100000 -1  0.013662
30 100000 -1  0.0139048
31 100000 -1  0.0129623
32 100000 -1  0.0130837
33 100000 -1  0.0132423
34 100000 -1  0.0145989
35 100000 -1  0.0126162
36 100000 -1  0.0133254
37 100000 -1  0.0139093
38 100000 -1  0.0137328
39 100000 -1  0.0135574
40 100000 -1  0.0130071
41 100000 -1  0.012735
42 100000 -1  0.0132207
43 100000 -1  0.0135232
44 100000 -1  0.0127603
45 100000 -1  0.0157226
46 100000 -1  0.0130104
47 100000 -1  0.0133455
48 100000 -1  0.0131928
49 100000 -1  0.0134024
50 100000 -1  0.0131124
51 100000 -1  0.0135841
52 100000 -1  0.0138543
53 100000 -1  0.013401
54 100000 -1  0.0136439
55 100000 -1  0.0138751
56 100000 -1  0.0129119
57 100000 -1  0.0132653
58 100000 -1  0.0130319
59 100000 -1  0.0125286
60 100000 -1  0.0139187
61 100000 -1  0.0138754
62 100000 -1  0.0137559
63 100000 -1  0.013184
64 100000 -1  0.0129468
65 100000 -1  0.0144776
66 100000 -1  0.0129499
67 100000 -1  0.0127876
68 100000 -1  0.0137379
69 100000 -1  0.0131811
70 100000 -1  0.01498
71 100000 -1  0.0149902
72 100000 -1  0.0136694
73 100000 -1  0.0134039
74 100000 -1  0.0135906
75 100000 -1  0.0138838
76 100000 -1  0.0126497
77 100000 -1  0.0138757
78 100000 -1  0.0138072
79 100000 -1  0.013122
80 100000 -1  0.0134093
81 100000 -1  0.0138396
82 100000 -1  0.0126745
83 100000 -1  0.0131938
84 100000 -1  0.0140613
85 100000 -1  0.0129017
86 100000 -1  0.0132499
87 100000 -1  0.0136555
88 100000 -1  0.0149195
89 100000 -1  0.0133404
90 100000 -1  0.013767
91 100000 -1  0.014014
92 100000 -1  0.0137839
93 100000 -1  0.0156601
94 100000 -1  0.0133345
95 100000 -1  0.0133492
96 100000 -1  0.0135757
97 100000 -1  0.0138524
98 100000 -1  0.0128773
99 100000 -1  0.0210252
0 100000 1  0.0221315
1 100000 1  0.020453
2 100000 1  0.0214405
3 100000 1  0.0209533
4 100000 1  0.020674
5 100000 1  0.0218362
6 100000 1  0.0216487
7 100000 1  0.0224298
8 100000 1  0.0210157
9 100000 1  0.0209184
10 100000 1  0.021876
11 100000 1  0.0210993
12 100000 1  0.0216731
13 100000 1  0.0216276
14 100000 1  0.0214336
15 100000 1  0.0221899
16 100000 1  0.0227847
17 100000 1  0.0231834
18 100000 1  0.0226017
19 100000 1  0.0214293
20 100000 1  0.0216141
21 100000 1  0.0213913
22 100000 1  0.0202703
23 100000 1  0.0219959
24 100000 1  0.0204453
25 100000 1  0.0215284
26 100000 1  0.0213154
27 100000 1  0.0205737
28 100000 1  0.0214643
29 100000 1  0.0216841
30 100000 1  0.021349
31 100000 1  0.020605
32 100000 1  0.022986
33 100000 1  0.0214662
34 100000 1  0.0214092
35 100000 1  0.0212855
36 100000 1  0.0220283
37 100000 1  0.0225958
38 100000 1  0.0226838
39 100000 1  0.0216502
40 100000 1  0.0213243
41 100000 1  0.0211718
42 100000 1  0.0201861
43 100000 1  0.0206733
44 100000 1  0.0205394
45 100000 1  0.0211131
46 100000 1  0.0211626
47 100000 1  0.0214216
48 100000 1  0.019828
49 100000 1  0.0210701
50 100000 1  0.0217001
51 100000 1  0.0210493
52 100000 1  0.0208019
53 100000 1  0.0216614
54 100000 1  0.020332
55 100000 1  0.023165
56 100000 1  0.0203499
57 100000 1  0.0206354
58 100000 1  0.0213731
59 100000 1  0.0202495
60 100000 1  0.0212112
61 100000 1  0.0217551
62 100000 1  0.0209647
63 100000 1  0.0206229
64 100000 1  0.0207509
65 100000 1  0.0209055
66 100000 1  0.0210714
67 100000 1  0.0212672
68 100000 1  0.0213469
69 100000 1  0.0212218
70 100000 1  0.0206594
71 100000 1  0.0217327
72 100000 1  0.0213537
73 100000 1  0.0201835
74 100000 1  0.0206393
75 100000 1  0.0205791
76 100000 1  0.0211459
77 100000 1  0.0211816
78 100000 1  0.0208012
79 100000 1  0.0219128
80 100000 1  0.0241392
81 100000 1  0.0213428
82 100000 1  0.0267943
83 100000 1  0.0227716
84 100000 1  0.0223726
85 100000 1  0.0207312
86 100000 1  0.0203279
87 100000 1  0.0216583
88 100000 1  0.0260922
89 100000 1  0.0200591
90 100000 1  0.0212688
91 100000 1  0.0203713
92 100000 1  0.0215835
93 100000 1  0.0205201
94 100000 1  0.02131
95 100000 1  0.0213632
96 100000 1  0.0206732
97 100000 1  0.0220211
98 100000 1  0.0204308
99 100000 1  0.0205555
0 100000 0.25  0.0208512
1 100000 0.25  0.0191459
2 100000 0.25  0.0195272
3 100000 0.25  0.0197652
4 100000 0.25  0.0212742
5 100000 0.25  0.0190647
6 100000 0.25  0.0196617
7 100000 0.25  0.019448
8 100000 0.25  0.0204454
9 100000 0.25  0.0195086
10 100000 0.25  0.0184855
11 100000 0.25  0.0194497
12 100000 0.25  0.0201077
13 100000 0.25  0.0199118
14 100000 0.25  0.0191613
15 100000 0.25  0.0204927
16 100000 0.25  0.0193407
17 100000 0.25  0.0194721
18 100000 0.25  0.0278704
19 100000 0.25  0.0196347
20 100000 0.25  0.0194888
21 100000 0.25  0.0199239
22 100000 0.25  0.0199844
23 100000 0.25  0.0191669
24 100000 0.25  0.0187481
25 100000 0.25  0.0197057
26 100000 0.25  0.0226643
27 100000 0.25  0.0236158
28 100000 0.25  0.0211033
29 100000 0.25  0.0204541
30 100000 0.25  0.0205029
31 100000 0.25  0.0198419
32 100000 0.25  0.0209901
33 100000 0.25  0.0194765
34 100000 0.25  0.0191154
35 100000 0.25  0.0193667
36 100000 0.25  0.0200562
37 100000 0.25  0.019262
38 100000 0.25  0.0194118
39 100000 0.25  0.0202788
40 100000 0.25  0.0184474
41 100000 0.25  0.0195179
42 100000 0.25  0.0197754
43 100000 0.25  0.0200771
44 100000 0.25  0.0198601
45 100000 0.25  0.0195983
46 100000 0.25  0.0191001
47 100000 0.25  0.0194826
48 100000 0.25  0.0191745
49 100000 0.25  0.0205027
50 100000 0.25  0.0188885
51 100000 0.25  0.0195628
52 100000 0.25  0.0195508
53 100000 0.25  0.0194005
54 100000 0.25  0.0191741
55 100000 0.25  0.0197131
56 100000 0.25  0.0189586
57 100000 0.25  0.019569
58 100000 0.25  0.0190133
59 100000 0.25  0.0193857
60 100000 0.25  0.0197841
61 100000 0.25  0.0194447
62 100000 0.25  0.0192179
63 100000 0.25  0.0195489
64 100000 0.25  0.0192579
65 100000 0.25  0.0193079
66 100000 0.25  0.0190559
67 100000 0.25  0.0200738
68 100000 0.25  0.0255923
69 100000 0.25  0.0197302
70 100000 0.25  0.0209598
71 100000 0.25  0.0194086
72 100000 0.25  0.0205518
73 100000 0.25  0.0217498
74 100000 0.25  0.0189247
75 100000 0.25  0.0205725
76 100000 0.25  0.0217789
77 100000 0.25  0.0200136
78 100000 0.25  0.0203899
79 100000 0.25  0.0198473
80 100000 0.25  0.0189146
81 100000 0.25  0.0207353
82 100000 0.25  0.0192463
83 100000 0.25  0.0193944
84 100000 0.25  0.0188039
85 100000 0.25  0.0195414
86 100000 0.25  0.0211156
87 100000 0.25  0.0191383
88 100000 0.25  0.0196897
89 100000 0.25  0.018703
90 100000 0.25  0.0201233
91 100000 0.25  0.0194917
92 100000 0.25  0.0195629
93 100000 0.25  0.0192933
94 100000 0.25  0.0188677
95 100000 0.25  0.0208214
96 100000 0.25  0.0183904
97 100000 0.25  0.0200106
98 100000 0.25  0.0213541
99 100000 0.25  0.0207447
0 100000 0.5  0.0172844
1 100000 0.5  0.0180713
2 100000 0.5  0.0191545
3 100000 0.5  0.0202882
4 100000 0.5  0.0191913
5 100000 0.5  0.0188272
6 100000 0.5  0.0183532
7 100000 0.5  0.0175214
8 100000 0.5  0.0178354
9 100000 0.5  0.0185301
10 100000 0.5  0.0175342
11 100000 0.5  0.0174697
12 100000 0.5  0.017892
13 100000 0.5  0.0174583
14 100000 0.5  0.0173344
15 100000 0.5  0.0171289
16 100000 0.5  0.0178457
17 100000 0.5  0.017035
18 100000 0.5  0.0183003
19 100000 0.5  0.0170148
20 100000 0.5  0.0182738
21 100000 0.5  0.0173237
22 100000 0.5  0.0187321
23 100000 0.5  0.0185854
24 100000 0.5  0.0175342
25 100000 0.5  0.0174841
26 100000 0.5  0.0176473
27 100000 0.5  0.018953
28 100000 0.5  0.0171767
29 100000 0.5  0.0173431
30 100000 0.5  0.0169937
31 100000 0.5  0.0186326
32 100000 0.5  0.0173751
33 100000 0.5  0.0177891
34 100000 0.5  0.0178631
35 100000 0.5  0.0183142
36 100000 0.5  0.0172428
37 100000 0.5  0.0172162
38 100000 0.5  0.0189636
39 100000 0.5  0.0171847
40 100000 0.5  0.0173858
41 100000 0.5  0.0181837
42 100000 0.5  0.0182982
43 100000 0.5  0.0184655
44 100000 0.5  0.0182861
45 100000 0.5  0.0182883
46 100000 0.5  0.0178087
47 100000 0.5  0.0176713
48 100000 0.5  0.0171214
49 100000 0.5  0.0180717
50 100000 0.5  0.0193853
51 100000 0.5  0.0189182
52 100000 0.5  0.0173318
53 100000 0.5  0.0187114
54 100000 0.5  0.0167115
55 100000 0.5  0.0183265
56 100000 0.5  0.0188751
57 100000 0.5  0.0189502
58 100000 0.5  0.0193841
59 100000 0.5  0.0185917
60 100000 0.5  0.0176632
61 100000 0.5  0.0171513
62 100000 0.5  0.0176515
63 100000 0.5  0.0170779
64 100000 0.5  0.0186111
65 100000 0.5  0.018078
66 100000 0.5  0.0183548
67 100000 0.5  0.0174991
68 100000 0.5  0.0174882
69 100000 0.5  0.0174273
70 100000 0.5  0.0175736
71 100000 0.5  0.0178694
72 100000 0.5  0.0173471
73 100000 0.5  0.0177752
74 100000 0.5  0.0181209
75 100000 0.5  0.018115
76 100000 0.5  0.017785
77 100000 0.5  0.0170091
78 100000 0.5  0.0175899
79 100000 0.5  0.0178737
80 100000 0.5  0.0173143
81 100000 0.5  0.0177038
82 100000 0.5  0.0174973
83 100000 0.5  0.0178076
84 100000 0.5  0.0180925
85 100000 0.5  0.0202083
86 100000 0.5  0.0193736
87 100000 0.5  0.0176223
88 100000 0.5  0.01924
89 100000 0.5  0.0174886
90 100000 0.5  0.0177862
91 100000 0.5  0.0187018
92 100000 0.5  0.0171123
93 100000 0.5  0.0180228
94 100000 0.5  0.0175776
95 100000 0.5  0.0182937
96 100000 0.5  0.0187479
97 100000 0.5  0.0183755
98 100000 0.5  0.0180731
99 100000 0.5  0.0207598
0 100000 0.75  0.0158549
1 100000 0.75  0.01711
2 100000 0.75  0.017311
3 100000 0.75  0.0172326
4 100000 0.75  0.0167151
5 100000 0.75  0.0155799
6 100000 0.75  0.0159485
7 100000 0.75  0.0156248
8 100000 0.75  0.0155916
9 100000 0.75  0.0161831
10 100000 0.75  0.0164547
11 100000 0.75  0.0173886
12 100000 0.75  0.0155117
13 100000 0.75  0.0151718
14 100000 0.75  0.0158312
15 100000 0.75  0.0152287
16 100000 0.75  0.0159924
17 100000 0.75  0.0172705
18 100000 0.75  0.0154687
19 100000 0.75  0.0159905
20 100000 0.75  0.0167475
21 100000 0.75  0.0152995
22 100000 0.75  0.0154682
23 100000 0.75  0.0160609
24 100000 0.75  0.0155453
25 100000 0.75  0.0158745
26 100000 0.75  0.0168296
27 100000 0.75  0.0158873
28 100000 0.75  0.0157359
29 100000 0.75  0.0155813
30 100000 0.75  0.0158611
31 100000 0.75  0.016108
32 100000 0.75  0.0160113
33 100000 0.75  0.0160186
34 100000 0.75  0.015989
35 100000 0.75  0.015806
36 100000 0.75  0.0206489
37 100000 0.75  0.0151003
38 100000 0.75  0.0160751
39 100000 0.75  0.0164055
40 100000 0.75  0.0154873
41 100000 0.75  0.0158093
42 100000 0.75  0.0161921
43 100000 0.75  0.0161484
44 100000 0.75  0.0161378
45 100000 0.75  0.0155266
46 100000 0.75  0.016636
47 100000 0.75  0.0171239
48 100000 0.75  0.0162636
49 100000 0.75  0.0160149
50 100000 0.75  0.0166119
51 100000 0.75  0.014999
52 100000 0.75  0.0163267
53 100000 0.75  0.0154414
54 100000 0.75  0.0172282
55 100000 0.75  0.0161725
56 100000 0.75  0.0153734
57 100000 0.75  0.0163938
58 100000 0.75  0.0166034
59 100000 0.75  0.0151918
60 100000 0.75  0.0165298
61 100000 0.75  0.017171
62 100000 0.75  0.016507
63 100000 0.75  0.0166235
64 100000 0.75  0.01557
65 100000 0.75  0.0161889
66 100000 0.75  0.0161097
67 100000 0.75  0.0150249
68 100000 0.75  0.0161685
69 100000 0.75  0.0159044
70 100000 0.75  0.0160178
71 100000 0.75  0.0163817
72 100000 0.75  0.0154799
73 100000 0.75  0.0156944
74 100000 0.75  0.0170739
75 100000 0.75  0.0160722
76 100000 0.75  0.0160484
77 100000 0.75  0.0159205
78 100000 0.75  0.0160788
79 100000 0.75  0.0159843
80 100000 0.75  0.0165105
81 100000 0.75  0.0149785
82 100000 0.75  0.0161342
83 100000 0.75  0.0153645
84 100000 0.75  0.0161237
85 100000 0.75  0.0156091
86 100000 0.75  0.0165258
87 100000 0.75  0.0158403
88 100000 0.75  0.0159449
89 100000 0.75  0.0155591
90 100000 0.75  0.0160711
91 100000 0.75  0.01574
92 100000 0.75  0.0173073
93 100000 0.75  0.0159722
94 100000 0.75  0.0154019
95 100000 0.75  0.0154271
96 100000 0.75  0.0157721
97 100000 0.75  0.0157327
98 100000 0.75  0.0158181
99 100000 0.75  0.0205818
0 100000 0.95  0.0156739
1 100000 0.95  0.0149475
2 100000 0.95  0.0155248
3 100000 0.95  0.0159723
4 100000 0.95  0.0181482
5 100000 0.95  0.0148057
6 100000 0.95  0.0146762
7 100000 0.95  0.0148699
8 100000 0.95  0.0141479
9 100000 0.95  0.0148505
10 100000 0.95  0.0145923
11 100000 0.95  0.0143225
12 100000 0.95  0.014608
13 100000 0.95  0.0149704
14 100000 0.95  0.0148178
15 100000 0.95  0.0143243
16 100000 0.95  0.0141434
17 100000 0.95  0.0145716
18 100000 0.95  0.0180334
19 100000 0.95  0.0134286
20 100000 0.95  0.0140479
21 100000 0.95  0.0144045
22 100000 0.95  0.013592
23 100000 0.95  0.0143629
24 100000 0.95  0.0137369
25 100000 0.95  0.0139958
26 100000 0.95  0.0150624
27 100000 0.95  0.0142795
28 100000 0.95  0.0148246
29 100000 0.95  0.0144461
30 100000 0.95  0.0238518
31 100000 0.95  0.0144819
32 100000 0.95  0.014394
33 100000 0.95  0.0138087
34 100000 0.95  0.0142097
35 100000 0.95  0.0147496
36 100000 0.95  0.014588
37 100000 0.95  0.0145945
38 100000 0.95  0.0135909
39 100000 0.95  0.015453
40 100000 0.95  0.0140235
41 100000 0.95  0.0143622
42 100000 0.95  0.0150504
43 100000 0.95  0.0157392
44 100000 0.95  0.0142926
45 100000 0.95  0.0151752
46 100000 0.95  0.0148734
47 100000 0.95  0.0145233
48 100000 0.95  0.0151971
49 100000 0.95  0.015069
50 100000 0.95  0.0141587
51 100000 0.95  0.0147729
52 100000 0.95  0.0145026
53 100000 0.95  0.0142549
54 100000 0.95  0.0155375
55 100000 0.95  0.0149877
56 100000 0.95  0.01453
57 100000 0.95  0.0150869
58 100000 0.95  0.0149774
59 100000 0.95  0.0140592
60 100000 0.95  0.0144151
61 100000 0.95  0.0144717
62 100000 0.95  0.0145011
63 100000 0.95  0.0146488
64 100000 0.95  0.015703
65 100000 0.95  0.0156443
66 100000 0.95  0.0154953
67 100000 0.95  0.016125
68 100000 0.95  0.0133259
69 100000 0.95  0.0139039
70 100000 0.95  0.0136941
71 100000 0.95  0.0141733
72 100000 0.95  0.0149756
73 100000 0.95  0.0134075
74 100000 0.95  0.0144034
75 100000 0.95  0.0151744
76 100000 0.95  0.0144112
77 100000 0.95  0.0144585
78 100000 0.95  0.0139604
79 100000 0.95  0.0147218
80 100000 0.95  0.0142087
81 100000 0.95  0.0151236
82 100000 0.95  0.0143298
83 100000 0.95  0.0139418
84 100000 0.95  0.0139582
85 100000 0.95  0.014275
86 100000 0.95  0.0136008
87 100000 0.95  0.0152987
88 100000 0.95  0.0140475
89 100000 0.95  0.0144184
90 100000 0.95  0.013498
91 100000 0.95  0.0146551
92 100000 0.95  0.0144771
93 100000 0.95  0.0145241
94 100000 0.95  0.0139814
95 100000 0.95  0.0147853
96 100000 0.95  0.0136587
97 100000 0.95  0.0141394
98 100000 0.95  0.0140241
99 100000 0.95  0.021069
0 100000 0.99  0.0142605
1 100000 0.99  0.0205467
2 100000 0.99  0.0161601
3 100000 0.99  0.0174936
4 100000 0.99  0.0154001
5 100000 0.99  0.0156711
6 100000 0.99  0.0141267
7 100000 0.99  0.0142623
8 100000 0.99  0.0143399
9 100000 0.99  0.0136056
10 100000 0.99  0.0144717
11 100000 0.99  0.0139566
12 100000 0.99  0.0133087
13 100000 0.99  0.014262
14 100000 0.99  0.0133513
15 100000 0.99  0.0133587
16 100000 0.99  0.0136158
17 100000 0.99  0.0141594
18 100000 0.99  0.0149289
19 100000 0.99  0.0134231
20 100000 0.99  0.0139994
21 100000 0.99  0.0138298
22 100000 0.99  0.0141299
23 100000 0.99  0.013979
24 100000 0.99  0.014651
25 100000 0.99  0.0140738
26 100000 0.99  0.0140169
27 100000 0.99  0.0227598
28 100000 0.99  0.0143338
29 100000 0.99  0.0147871
30 100000 0.99  0.0133842
31 100000 0.99  0.0141529
32 100000 0.99  0.0144637
33 100000 0.99  0.0141234
34 100000 0.99  0.0141813
35 100000 0.99  0.0148929
36 100000 0.99  0.0139283
37 100000 0.99  0.0139571
38 100000 0.99  0.0133677
39 100000 0.99  0.0141573
40 100000 0.99  0.0136529
41 100000 0.99  0.0136551
42 100000 0.99  0.0136114
43 100000 0.99  0.0140008
44 100000 0.99  0.0189564
45 100000 0.99  0.015027
46 100000 0.99  0.0151441
47 100000 0.99  0.0139932
48 100000 0.99  0.0162442
49 100000 0.99  0.0138459
50 100000 0.99  0.0160361
51 100000 0.99  0.0136183
52 100000 0.99  0.0138233
53 100000 0.99  0.0149279
54 100000 0.99  0.0141824
55 100000 0.99  0.0143082
56 100000 0.99  0.0148068
57 100000 0.99  0.0141876
58 100000 0.99  0.014716
59 100000 0.99  0.0151011
60 100000 0.99  0.014281
61 100000 0.99  0.0140067
62 100000 0.99  0.014068
63 100000 0.99  0.0133707
64 100000 0.99  0.0149534
65 100000 0.99  0.0179466
66 100000 0.99  0.0158818
67 100000 0.99  0.0146846
68 100000 0.99  0.0144998
69 100000 0.99  0.0156083
70 100000 0.99  0.0136865
71 100000 0.99  0.0145183
72 100000 0.99  0.0143885
73 100000 0.99  0.0137266
74 100000 0.99  0.0147334
75 100000 0.99  0.0141785
76 100000 0.99  0.0139658
77 100000 0.99  0.0146532
78 100000 0.99  0.0138487
79 100000 0.99  0.0139202
80 100000 0.99  0.0143313
81 100000 0.99  0.0146106
82 100000 0.99  0.0146439
83 100000 0.99  0.0146259
84 100000 0.99  0.0143757
85 100000 0.99  0.0139808
86 100000 0.99  0.0141186
87 100000 0.99  0.0135297
88 100000 0.99  0.0142703
89 100000 0.99  0.0145664
90 100000 0.99  0.0140702
91 100000 0.99  0.013498
92 100000 0.99  0.0146366
93 100000 0.99  0.0133962
94 100000 0.99  0.0154205
95 100000 0.99  0.0137551
96 100000 0.99  0.0133168
97 100000 0.99  0.0146802
98 100000 0.99  0.0135647
99 100000 0.99  0.0211922
0 100000 0.997  0.0143633
1 100000 0.997  0.014662
2 100000 0.997  0.0152753
3 100000 0.997  0.0152003
4 100000 0.997  0.0145591
5 100000 0.997  0.0146645
6 100000 0.997  0.0144385
7 100000 0.997  0.0134491
8 100000 0.997  0.0135698
9 100000 0.997  0.0136026
10 100000 0.997  0.0141737
11 100000 0.997  0.013747
12 100000 0.997  0.0132518
13 100000 0.997  0.0140398
14 100000 0.997  0.0142204
15 100000 0.997  0.0134243
16 100000 0.997  0.0134356
17 100000 0.997  0.0136033
18 100000 0.997  0.014502
19 100000 0.997  0.0136322
20 100000 0.997  0.0138987
21 100000 0.997  0.0134382
22 100000 0.997  0.0147853
23 100000 0.997  0.0158235
24 100000 0.997  0.0131191
25 100000 0.997  0.0137787
26 100000 0.997  0.0143709
27 100000 0.997  0.0134885
28 100000 0.997  0.0142729
29 100000 0.997  0.0144166
30 100000 0.997  0.0140939
31 100000 0.997  0.0140814
32 100000 0.997  0.0143229
33 100000 0.997  0.0137189
34 100000 0.997  0.0138977
35 100000 0.997  0.0142901
36 100000 0.997  0.0136474
37 100000 0.997  0.0143397
38 100000 0.997  0.0136234
39 100000 0.997  0.0144807
40 100000 0.997  0.0141813
41 100000 0.997  0.0147412
42 100000 0.997  0.0135819
43 100000 0.997  0.0142798
44 100000 0.997  0.0140684
45 100000 0.997  0.0144484
46 100000 0.997  0.0145427
47 100000 0.997  0.0146926
48 100000 0.997  0.0148138
49 100000 0.997  0.0140303
50 100000 0.997  0.0138035
51 100000 0.997  0.0147214
52 100000 0.997  0.0138605
53 100000 0.997  0.0147272
54 100000 0.997  0.0143487
55 100000 0.997  0.0142616
56 100000 0.997  0.0142434
57 100000 0.997  0.0138634
58 100000 0.997  0.0149304
59 100000 0.997  0.0140344
60 100000 0.997  0.0138925
61 100000 0.997  0.0136868
62 100000 0.997  0.0141956
63 100000 0.997  0.0143217
64 100000 0.997  0.013645
65 100000 0.997  0.0143896
66 100000 0.997  0.0141977
67 100000 0.997  0.0159603
68 100000 0.997  0.0167435
69 100000 0.997  0.017257
70 100000 0.997  0.0140055
71 100000 0.997  0.0137908
72 100000 0.997  0.0137711
73 100000 0.997  0.0146464
74 100000 0.997  0.0138226
75 100000 0.997  0.0145326
76 100000 0.997  0.0137543
77 100000 0.997  0.0142539
78 100000 0.997  0.0134718
79 100000 0.997  0.0146026
80 100000 0.997  0.0138323
81 100000 0.997  0.0141394
82 100000 0.997  0.0141212
83 100000 0.997  0.0136949
84 100000 0.997  0.0142963
85 100000 0.997  0.0138312
86 100000 0.997  0.0148896
87 100000 0.997  0.0136709
88 100000 0.997  0.0144467
89 100000 0.997  0.0139563
90 100000 0.997  0.0142065
91 100000 0.997  0.0140617
92 100000 0.997  0.0142766
93 100000 0.997  0.0145613
94 100000 0.997  0.0138049
95 100000 0.997  0.0144691
96 100000 0.997  0.0147116
97 100000 0.997  0.0143652
98 100000 0.997  0.0140199
99 100000 0.997  0.0210711
0 500000 -1  0.084127
1 500000 -1  0.0856765
2 500000 -1  0.0724042
3 500000 -1  0.0700787
4 500000 -1  0.0722801
5 500000 -1  0.0720643
6 500000 -1  0.0727751
7 500000 -1  0.0736534
8 500000 -1  0.0720723
9 500000 -1  0.0719702
10 500000 -1  0.0746261
11 500000 -1  0.0709377
12 500000 -1  0.0715238
13 500000 -1  0.0752377
14 500000 -1  0.0720723
15 500000 -1  0.0766902
16 500000 -1  0.0700539
17 500000 -1  0.0714305
18 500000 -1  0.0708398
19 500000 -1  0.0710808
20 500000 -1  0.0731106
21 500000 -1  0.070491
22 500000 -1  0.0725595
23 500000 -1  0.0711366
24 500000 -1  0.0731495
25 500000 -1  0.0722681
26 500000 -1  0.0713609
27 500000 -1  0.0711348
28 500000 -1  0.0736755
29 500000 -1  0.0799069
30 500000 -1  0.0731762
31 500000 -1  0.0700948
32 500000 -1  0.0721179
33 500000 -1  0.0730869
34 500000 -1  0.0710334
35 500000 -1  0.0715475
36 500000 -1  0.0713102
37 500000 -1  0.0707612
38 500000 -1  0.0705166
39 500000 -1  0.0725143
40 500000 -1  0.071164
41 500000 -1  0.0713929
42 500000 -1  0.0730277
43 500000 -1  0.0762081
44 500000 -1  0.0702154
45 500000 -1  0.0711756
46 500000 -1  0.073919
47 500000 -1  0.0719513
48 500000 -1  0.0714816
49 500000 -1  0.0710899
50 500000 -1  0.0715052
51 500000 -1  0.0730179
52 500000 -1  0.0728575
53 500000 -1  0.0711584
54 500000 -1  0.0715585
55 500000 -1  0.0718038
56 500000 -1  0.0719301
57 500000 -1  0.0756236
58 500000 -1  0.0758182
59 500000 -1  0.0717398
60 500000 -1  0.0758722
61 500000 -1  0.0728789
62 500000 -1  0.0721191
63 500000 -1  0.0708606
64 500000 -1  0.070524
65 500000 -1  0.0709961
66 500000 -1  0.0705067
67 500000 -1  0.0709884
68 500000 -1  0.0725252
69 500000 -1  0.0725223
70 500000 -1  0.0722743
71 500000 -1  0.0770395
72 500000 -1  0.0720994
73 500000 -1  0.0762857
74 500000 -1  0.0716967
75 500000 -1  0.0724385
76 500000 -1  0.0711282
77 500000 -1  0.0737939
78 500000 -1  0.0703573
79 500000 -1  0.0724476
80 500000 -1  0.0715636
81 500000 -1  0.0716099
82 500000 -1  0.072445
83 500000 -1  0.070512
84 500000 -1  0.0730427
85 500000 -1  0.0778929
86 500000 -1  0.073972
87 500000 -1  0.0729717
88 500000 -1  0.0724553
89 500000 -1  0.0728461
90 500000 -1  0.0706628
91 500000 -1  0.0708167
92 500000 -1  0.0716431
93 500000 -1  0.0709075
94 500000 -1  0.0707632
95 500000 -1  0.0717719
96 500000 -1  0.069086
97 500000 -1  0.0717787
98 500000 -1  0.0710374
99 500000 -1  0.124334
0 500000 1  0.114765
1 500000 1  0.123724
2 500000 1  0.116193
3 500000 1  0.12294
4 500000 1  0.114692
5 500000 1  0.134808
6 500000 1  0.135872
7 500000 1  0.122384
8 500000 1  0.129796
9 500000 1  0.13479
10 500000 1  0.120849
11 500000 1  0.125247
12 500000 1  0.122285
13 500000 1  0.123356
14 500000 1  0.121292
15 500000 1  0.125014
16 500000 1  0.121603
17 500000 1  0.125432
18 500000 1  0.123299
19 500000 1  0.124062
20 500000 1  0.117881
21 500000 1  0.121382
22 500000 1  0.117512
23 500000 1  0.127983
24 500000 1  0.120269
25 500000 1  0.129929
26 500000 1  0.124994
27 500000 1  0.121609
28 500000 1  0.115911
29 500000 1  0.11637
30 500000 1  0.113422
31 500000 1  0.114625
32 500000 1  0.11603
33 500000 1  0.118521
34 500000 1  0.123498
35 500000 1  0.123616
36 500000 1  0.113177
37 500000 1  0.114592
38 500000 1  0.114545
39 500000 1  0.113153
40 500000 1  0.114403
41 500000 1  0.122445
42 500000 1  0.118042
43 500000 1  0.122739
44 500000 1  0.120868
45 500000 1  0.119618
46 500000 1  0.123229
47 500000 1  0.122241
48 500000 1  0.117706
49 500000 1  0.120888
50 500000 1  0.123914
51 500000 1  0.11757
52 500000 1  0.13383
53 500000 1  0.12035
54 500000 1  0.119395
55 500000 1  0.118134
56 500000 1  0.124824
57 500000 1  0.118243
58 500000 1  0.115115
59 500000 1  0.116521
60 500000 1  0.11458
61 500000 1  0.118778
62 500000 1  0.118088
63 500000 1  0.112746
64 500000 1  0.115101
65 500000 1  0.114982
66 500000 1  0.117367
67 500000 1  0.123854
68 500000 1  0.114953
69 500000 1  0.117913
70 500000 1  0.120551
71 500000 1  0.115292
72 500000 1  0.115036
73 500000 1  0.119599
74 500000 1  0.113526
75 500000 1  0.113946
76 500000 1  0.112689
77 500000 1  0.114784
78 500000 1  0.117769
79 500000 1  0.129905
80 500000 1  0.118317
81 500000 1  0.121083
82 500000 1  0.114038
83 500000 1  0.123792
84 500000 1  0.113856
85 500000 1  0.113502
86 500000 1  0.117497
87 500000 1  0.116202
88 500000 1  0.118125
89 500000 1  0.116102
90 500000 1  0.113357
91 500000 1  0.117044
92 500000 1  0.113732
93 500000 1  0.114798
94 500000 1  0.114417
95 500000 1  0.113486
96 500000 1  0.122692
97 500000 1  0.112018
98 500000 1  0.11367
99 500000 1  0.115256
0 500000 0.25  0.106122
1 500000 0.25  0.115305
2 500000 0.25  0.107992
3 500000 0.25  0.105429
4 500000 0.25  0.105282
5 500000 0.25  0.105772
6 500000 0.25  0.104717
7 500000 0.25  0.104824
8 500000 0.25  0.10664
9 500000 0.25  0.108897
10 500000 0.25  0.106798
11 500000 0.25  0.109263
12 500000 0.25  0.106805
13 500000 0.25  0.109077
14 500000 0.25  0.106537
15 500000 0.25  0.105676
16 500000 0.25  0.107118
17 500000 0.25  0.105146
18 500000 0.25  0.105813
19 500000 0.25  0.113255
20 500000 0.25  0.112693
21 500000 0.25  0.106087
22 500000 0.25  0.105551
23 500000 0.25  0.104014
24 500000 0.25  0.104125
25 500000 0.25  0.105755
26 500000 0.25  0.107342
27 500000 0.25  0.103894
28 500000 0.25  0.105047
29 500000 0.25  0.106325
30 500000 0.25  0.10962
31 500000 0.25  0.106299
32 500000 0.25  0.105299
33 500000 0.25  0.108988
34 500000 0.25  0.106112
35 500000 0.25  0.106933
36 500000 0.25  0.106861
37 500000 0.25  0.104406
38 500000 0.25  0.106227
39 500000 0.25  0.110079
40 500000 0.25  0.107596
41 500000 0.25  0.106301
42 500000 0.25  0.106867
43 500000 0.25  0.105163
44 500000 0.25  0.108801
45 500000 0.25  0.1049
46 500000 0.25  0.104911
47 500000 0.25  0.107501
48 500000 0.25  0.103932
49 500000 0.25  0.111713
50 500000 0.25  0.107146
51 500000 0.25  0.104239
52 500000 0.25  0.102728
53 500000 0.25  0.106397
54 500000 0.25  0.104484
55 500000 0.25  0.10604
56 500000 0.25  0.107975
57 500000 0.25  0.106241
58 500000 0.25  0.105587
59 500000 0.25  0.10972
60 500000 0.25  0.106725
61 500000 0.25  0.106085
62 500000 0.25  0.105589
63 500000 0.25  0.106288
64 500000 0.25  0.106473
65 500000 0.25  0.104448
66 500000 0.25  0.10708
67 500000 0.25  0.104123
68 500000 0.25  0.108525
69 500000 0.25  0.109519
70 500000 0.25  0.104862
71 500000 0.25  0.105846
72 500000 0.25  0.106188
73 500000 0.25  0.118873
74 500000 0.25  0.104813
75 500000 0.25  0.111133
76 500000 0.25  0.110396
77 500000 0.25  0.106361
78 500000 0.25  0.108375
79 500000 0.25  0.106696
80 500000 0.25  0.104712
81 500000 0.25  0.105384
82 500000 0.25  0.104121
83 500000 0.25  0.106243
84 500000 0.25  0.105555
85 500000 0.25  0.105388
86 500000 0.25  0.105739
87 500000 0.25  0.106505
88 500000 0.25  0.10996
89 500000 0.25  0.105369
90 500000 0.25  0.107592
91 500000 0.25  0.111146
92 500000 0.25  0.105178
93 500000 0.25  0.108436
94 500000 0.25  0.104553
95 500000 0.25  0.103613
96 500000 0.25  0.105445
97 500000 0.25  0.122539
98 500000 0.25  0.118114
99 500000 0.25  0.123196
0 500000 0.5  0.109282
1 500000 0.5  0.114064
2 500000 0.5  0.0988443
3 500000 0.5  0.0987047
4 500000 0.5  0.104936
5 500000 0.5  0.110456
6 500000 0.5  0.101419
7 500000 0.5  0.115778
8 500000 0.5  0.100368
9 500000 0.5  0.0976989
10 500000 0.5  0.0956345
11 500000 0.5  0.109926
12 500000 0.5  0.0920643
13 500000 0.5  0.0946339
14 500000 0.5  0.0947119
15 500000 0.5  0.0942517
16 500000 0.5  0.0942626
17 500000 0.5  0.103518
18 500000 0.5  0.111155
19 500000 0.5  0.104625
20 500000 0.5  0.114522
21 500000 0.5  0.126426
22 500000 0.5  0.102862
23 500000 0.5  0.11128
24 500000 0.5  0.107493
25 500000 0.5  0.103801
26 500000 0.5  0.110227
27 500000 0.5  0.10139
28 500000 0.5  0.142443
29 500000 0.5  0.113488
30 500000 0.5  0.112042
31 500000 0.5  0.0970691
32 500000 0.5  0.0925377
33 500000 0.5  0.0937751
34 500000 0.5  0.0933013
35 500000 0.5  0.0959157
36 500000 0.5  0.0967653
37 500000 0.5  0.0945201
38 500000 0.5  0.0929932
39 500000 0.5  0.0921097
40 500000 0.5  0.0954285
41 500000 0.5  0.103514
42 500000 0.5  0.0958704
43 500000 0.5  0.0950893
44 500000 0.5  0.0954529
45 500000 0.5  0.095583
46 500000 0.5  0.0995229
47 500000 0.5  0.103841
48 500000 0.5  0.0999974
49 500000 0.5  0.0949063
50 500000 0.5  0.0961319
51 500000 0.5  0.0955509
52 500000 0.5  0.104206
53 500000 0.5  0.0946648
54 500000 0.5  0.0925567
55 500000 0.5  0.0939815
56 500000 0.5  0.0944391
57 500000 0.5  0.0951035
58 500000 0.5  0.0953476
59 500000 0.5  0.095214
60 500000 0.5  0.0933437
61 500000 0.5  0.0982726
62 500000 0.5  0.0966761
63 500000 0.5  0.0964849
64 500000 0.5  0.0944067
65 500000 0.5  0.0969769
66 500000 0.5  0.094259
67 500000 0.5  0.094708
68 500000 0.5  0.0949529
69 500000 0.5  0.0924659
70 500000 0.5  0.0941124
71 500000 0.5  0.0942188
72 500000 0.5  0.0941481
73 500000 0.5  0.0968427
74 500000 0.5  0.0957972
75 500000 0.5  0.0949714
76 500000 0.5  0.0947769
77 500000 0.5  0.0960396
78 500000 0.5  0.0969816
79 500000 0.5  0.0961359
80 500000 0.5  0.0925016
81 500000 0.5  0.102569
82 500000 0.5  0.0948556
83 500000 0.5  0.0949045
84 500000 0.5  0.0981889
85 500000 0.5  0.0937451
86 500000 0.5  0.0994917
87 500000 0.5  0.0945033
88 500000 0.5  0.0927281
89 500000 0.5  0.0964626
90 500000 0.5  0.100238
91 500000 0.5  0.0952677
92 500000 0.5  0.0928823
93 500000 0.5  0.0928685
94 500000 0.5  0.0954591
95 500000 0.5  0.0974291
96 500000 0.5  0.0948749
97 500000 0.5  0.0947331
98 500000 0.5  0.0935971
99 500000 0.5  0.11359
0 500000 0.75  0.0867701
1 500000 0.75  0.0945485
2 500000 0.75  0.087203
3 500000 0.75  0.0891681
4 500000 0.75  0.0892323
5 500000 0.75  0.0842407
6 500000 0.75  0.0827802
7 500000 0.75  0.0850718
8 500000 0.75  0.0860651
9 500000 0.75  0.085203
10 500000 0.75  0.0855838
11 500000 0.75  0.0845955
12 500000 0.75  0.0832437
13 500000 0.75  0.0898238
14 500000 0.75  0.0840698
15 500000 0.75  0.0833013
16 500000 0.75  0.0824002
17 500000 0.75  0.091502
18 500000 0.75  0.0835413
19 500000 0.75  0.0852738
20 500000 0.75  0.08365
21 500000 0.75  0.0841015
22 500000 0.75  0.0834114
23 500000 0.75  0.0893946
24 500000 0.75  0.0889373
25 500000 0.75  0.0910951
26 500000 0.75  0.0846003
27 500000 0.75  0.0846035
28 500000 0.75  0.0824655
29 500000 0.75  0.0847666
30 500000 0.75  0.0841779
31 500000 0.75  0.0849295
32 500000 0.75  0.0851688
33 500000 0.75  0.0899893
34 500000 0.75  0.090765
35 500000 0.75  0.0852924
36 500000 0.75  0.0930005
37 500000 0.75  0.085726
38 500000 0.75  0.0865454
39 500000 0.75  0.0930985
40 500000 0.75  0.0832248
41 500000 0.75  0.0865202
42 500000 0.75  0.0864204
43 500000 0.75  0.0839336
44 500000 0.75  0.0920855
45 500000 0.75  0.0856958
46 500000 0.75  0.0823076
47 500000 0.75  0.0893801
48 500000 0.75  0.0896609
49 500000 0.75  0.0863733
50 500000 0.75  0.08557
51 500000 0.75  0.0892279
52 500000 0.75  0.0884355
53 500000 0.75  0.0896859
54 500000 0.75  0.0855236
55 500000 0.75  0.0841532
56 500000 0.75  0.0885081
57 500000 0.75  0.084586
58 500000 0.75  0.0857895
59 500000 0.75  0.0846947
60 500000 0.75  0.090407
61 500000 0.75  0.0918058
62 500000 0.75  0.0857522
63 500000 0.75  0.0871103
64 500000 0.75  0.0875548
65 500000 0.75  0.0824662
66 500000 0.75  0.084756
67 500000 0.75  0.084675
68 500000 0.75  0.0876839
69 500000 0.75  0.0847574
70 500000 0.75  0.0836127
71 500000 0.75  0.0859947
72 500000 0.75  0.0861093
73 500000 0.75  0.0841835
74 500000 0.75  0.0840286
75 500000 0.75  0.0835613
76 500000 0.75  0.0837553
77 500000 0.75  0.0846746
78 500000 0.75  0.0857245
79 500000 0.75  0.0860845
80 500000 0.75  0.0903597
81 500000 0.75  0.0858172
82 500000 0.75  0.0876508
83 500000 0.75  0.0980546
84 500000 0.75  0.0970381
85 500000 0.75  0.085342
86 500000 0.75  0.0845707
87 500000 0.75  0.083776
88 500000 0.75  0.0841897
89 500000 0.75  0.0834089
90 500000 0.75  0.0854394
91 500000 0.75  0.0855364
92 500000 0.75  0.0845813
93 500000 0.75  0.0848668
94 500000 0.75  0.0827988
95 500000 0.75  0.0869849
96 500000 0.75  0.0837539
97 500000 0.75  0.0884395
98 500000 0.75  0.0841204
99 500000 0.75  0.114592
0 500000 0.95  0.0765198
1 500000 0.95  0.0831646
2 500000 0.95  0.0905826
3 500000 0.95  0.077235
4 500000 0.95  0.0844351
5 500000 0.95  0.0762081
6 500000 0.95  0.0765647
7 500000 0.95  0.0773874
8 500000 0.95  0.0759914
9 500000 0.95  0.0757067
10 500000 0.95  0.0752693
11 500000 0.95  0.0789759
12 500000 0.95  0.0754719
13 500000 0.95  0.0759958
14 500000 0.95  0.0824425
15 500000 0.95  0.0757067
16 500000 0.95  0.0748533
17 500000 0.95  0.0763791
18 500000 0.95  0.0763542
19 500000 0.95  0.0741317
20 500000 0.95  0.0748971
21 500000 0.95  0.0761325
22 500000 0.95  0.0774418
23 500000 0.95  0.0745714
24 500000 0.95  0.0771872
25 500000 0.95  0.0786877
26 500000 0.95  0.0849015
27 500000 0.95  0.0807208
28 500000 0.95  0.0742211
29 500000 0.95  0.075668
30 500000 0.95  0.0747439
31 500000 0.95  0.0807107
32 500000 0.95  0.0760298
33 500000 0.95  0.0755557
34 500000 0.95  0.0754142
35 500000 0.95  0.0761542
36 500000 0.95  0.076036
37 500000 0.95  0.0754215
38 500000 0.95  0.0741112
39 500000 0.95  0.0785551
40 500000 0.95  0.0793866
41 500000 0.95  0.0752895
42 500000 0.95  0.0762559
43 500000 0.95  0.0747198
44 500000 0.95  0.0763044
45 500000 0.95  0.0749999
46 500000 0.95  0.0753887
47 500000 0.95  0.0749915
48 500000 0.95  0.0749982
49 500000 0.95  0.0749171
50 500000 0.95  0.074529
51 500000 0.95  0.0768375
52 500000 0.95  0.0759386
53 500000 0.95  0.081829
54 500000 0.95  0.078563
55 500000 0.95  0.0740464
56 500000 0.95  0.0740722
57 500000 0.95  0.0747162
58 500000 0.95  0.0750751
59 500000 0.95  0.0765898
60 500000 0.95  0.0752446
61 500000 0.95  0.0744263
62 500000 0.95  0.0739628
63 500000 0.95  0.0760144
64 500000 0.95  0.0767307
65 500000 0.95  0.0758773
66 500000 0.95  0.0764954
67 500000 0.95  0.0810677
68 500000 0.95  0.0766675
69 500000 0.95  0.0749267
70 500000 0.95  0.0765111
71 500000 0.95  0.0764415
72 500000 0.95  0.080015
73 500000 0.95  0.0763065
74 500000 0.95  0.0741631
75 500000 0.95  0.0733939
76 500000 0.95  0.0790966
77 500000 0.95  0.074714
78 500000 0.95  0.0745817
79 500000 0.95  0.0753423
80 500000 0.95  0.0801542
81 500000 0.95  0.0747385
82 500000 0.95  0.0749667
83 500000 0.95  0.0743271
84 500000 0.95  0.0754758
85 500000 0.95  0.0754138
86 500000 0.95  0.0748427
87 500000 0.95  0.0739413
88 500000 0.95  0.073737
89 500000 0.95  0.0787929
90 500000 0.95  0.0771336
91 500000 0.95  0.0764696
92 500000 0.95  0.0749168
93 500000 0.95  0.080149
94 500000 0.95  0.0788402
95 500000 0.95  0.0742878
96 500000 0.95  0.0758953
97 500000 0.95  0.075137
98 500000 0.95  0.0745246
99 500000 0.95  0.112527
0 500000 0.99  0.0731339
1 500000 0.99  0.0838545
2 500000 0.99  0.0776179
3 500000 0.99  0.0746505
4 500000 0.99  0.0740453
5 500000 0.99  0.0759543
6 500000 0.99  0.0802239
7 500000 0.99  0.0757172
8 500000 0.99  0.0732776
9 500000 0.99  0.0729191
10 500000 0.99  0.074206
11 500000 0.99  0.0737529
12 500000 0.99  0.0740511
13 500000 0.99  0.072484
14 500000 0.99  0.0765334
15 500000 0.99  0.0849824
16 500000 0.99  0.0740952
17 500000 0.99  0.0761117
18 500000 0.99  0.0746662
19 500000 0.99  0.0735784
20 500000 0.99  0.0739277
21 500000 0.99  0.0768401
22 500000 0.99  0.0732524
23 500000 0.99  0.0749897
24 500000 0.99  0.0740244
25 500000 0.99  0.0751556
26 500000 0.99  0.0730548
27 500000 0.99  0.0733406
28 500000 0.99  0.0780387
29 500000 0.99  0.0751891
30 500000 0.99  0.073643
31 500000 0.99  0.0748999
32 500000 0.99  0.0729826
33 500000 0.99  0.0737585
34 500000 0.99  0.0744861
35 500000 0.99  0.0755906
36 500000 0.99  0.0751461
37 500000 0.99  0.0735952
38 500000 0.99  0.0732527
39 500000 0.99  0.0740718
40 500000 0.99  0.0821216
41 500000 0.99  0.0779169
42 500000 0.99  0.0744388
43 500000 0.99  0.0776077
44 500000 0.99  0.076367
45 500000 0.99  0.0749047
46 500000 0.99  0.0726022
47 500000 0.99  0.0729603
48 500000 0.99  0.0754204
49 500000 0.99  0.0724626
50 500000 0.99  0.0776121
51 500000 0.99  0.078938
52 500000 0.99  0.081979
53 500000 0.99  0.0771725
54 500000 0.99  0.0840898
55 500000 0.99  0.0787553
56 500000 0.99  0.0784355
57 500000 0.99  0.0751144
58 500000 0.99  0.0738194
59 500000 0.99  0.0721584
60 500000 0.99  0.0734478
61 500000 0.99  0.0743603
62 500000 0.99  0.0729449
63 500000 0.99  0.0747336
64 500000 0.99  0.0819039
65 500000 0.99  0.0742509
66 500000 0.99  0.0723153
67 500000 0.99  0.0765873
68 500000 0.99  0.078604
69 500000 0.99  0.0762624
70 500000 0.99  0.0735868
71 500000 0.99  0.0737308
72 500000 0.99  0.0754283
73 500000 0.99  0.0745401
74 500000 0.99  0.0786827
75 500000 0.99  0.0724425
76 500000 0.99  0.0726909
77 500000 0.99  0.0741684
78 500000 0.99  0.0734559
79 500000 0.99  0.074051
80 500000 0.99  0.0722018
81 500000 0.99  0.0753052
82 500000 0.99  0.0819743
83 500000 0.99  0.0770231
84 500000 0.99  0.0724392
85 500000 0.99  0.0750469
86 500000 0.99  0.0738001
87 500000 0.99  0.0721512
88 500000 0.99  0.0724399
89 500000 0.99  0.0730942
90 500000 0.99  0.0738658
91 500000 0.99  0.0731156
92 500000 0.99  0.0755433
93 500000 0.99  0.0759014
94 500000 0.99  0.0819021
95 500000 0.99  0.0834002
96 500000 0.99  0.0747333
97 500000 0.99  0.0746499
98 500000 0.99  0.0744846
99 500000 0.99  0.125045
0 500000 0.997  0.0736044
1 500000 0.997  0.0776055
2 500000 0.997  0.0839066
3 500000 0.997  0.0758893
4 500000 0.997  0.0732653
5 500000 0.997  0.0737506
6 500000 0.997  0.0728867
7 500000 0.997  0.0740123
8 500000 0.997  0.0768775
9 500000 0.997  0.0755046
10 500000 0.997  0.0745466
11 500000 0.997  0.073035
12 500000 0.997  0.0712077
13 500000 0.997  0.073143
14 500000 0.997  0.0760706
15 500000 0.997  0.0760079
16 500000 0.997  0.0730832
17 500000 0.997  0.0725952
18 500000 0.997  0.0748825
19 500000 0.997  0.0718597
20 500000 0.997  0.0737276
21 500000 0.997  0.074039
22 500000 0.997  0.0742184
23 500000 0.997  0.0737035
24 500000 0.997  0.0737998
25 500000 0.997  0.0731379
26 500000 0.997  0.0748337
27 500000 0.997  0.0778036
28 500000 0.997  0.0800499
29 500000 0.997  0.074893
30 500000 0.997  0.0728579
31 500000 0.997  0.0735911
32 500000 0.997  0.0723559
33 500000 0.997  0.0735974
34 500000 0.997  0.0747694
35 500000 0.997  0.0782594
36 500000 0.997  0.0780245
37 500000 0.997  0.0795127
38 500000 0.997  0.0742246
39 500000 0.997  0.0778779
40 500000 0.997  0.0778601
41 500000 0.997  0.0847927
42 500000 0.997  0.0835737
43 500000 0.997  0.077135
44 500000 0.997  0.075226
45 500000 0.997  0.0739795
46 500000 0.997  0.0773036
47 500000 0.997  0.0820096
48 500000 0.997  0.074016
49 500000 0.997  0.0781175
50 500000 0.997  0.0811359
51 500000 0.997  0.0804562
52 500000 0.997  0.0758289
53 500000 0.997  0.0749229
54 500000 0.997  0.0795944
55 500000 0.997  0.0855959
56 500000 0.997  0.0890942
57 500000 0.997  0.0841247
58 500000 0.997  0.083294
59 500000 0.997  0.0842542
60 500000 0.997  0.0809766
61 500000 0.997  0.0847016
62 500000 0.997  0.0952669
63 500000 0.997  0.0801782
64 500000 0.997  0.084222
65 500000 0.997  0.0933261
66 500000 0.997  0.0994063
67 500000 0.997  0.0893191
68 500000 0.997  0.0759178
69 500000 0.997  0.076983
70 500000 0.997  0.114974
71 500000 0.997  0.139669
72 500000 0.997  0.083449
73 500000 0.997  0.0843388
74 500000 0.997  0.0816675
75 500000 0.997  0.0790581
76 500000 0.997  0.0756345
77 500000 0.997  0.0773615
78 500000 0.997  0.0789803
79 500000 0.997  0.0747618
80 500000 0.997  0.0749839
81 500000 0.997  0.0781272
82 500000 0.997  0.0752832
83 500000 0.997  0.0757107
84 500000 0.997  0.0770151
85 500000 0.997  0.0804478
86 500000 0.997  0.0871442
87 500000 0.997  0.0856068
88 500000 0.997  0.084171
89 500000 0.997  0.0810185
90 500000 0.997  0.0775271
91 500000 0.997  0.0760458
92 500000 0.997  0.0752052
93 500000 0.997  0.088686
94 500000 0.997  0.0843245
95 500000 0.997  0.0789464
96 500000 0.997  0.0826544
97 500000 0.997  0.075462
98 500000 0.997  0.0770428
99 500000 0.997  0.118209
0 1000000 -1  0.148657
1 1000000 -1  0.162717
2 1000000 -1  0.15482
3 1000000 -1  0.15454
4 1000000 -1  0.169637
5 1000000 -1  0.155551
6 1000000 -1  0.153735
7 1000000 -1  0.156671
8 1000000 -1  0.155835
9 1000000 -1  0.151917
10 1000000 -1  0.152295
11 1000000 -1  0.161496
12 1000000 -1  0.159985
13 1000000 -1  0.163874
14 1000000 -1  0.160928
15 1000000 -1  0.152148
16 1000000 -1  0.152183
17 1000000 -1  0.155672
18 1000000 -1  0.165771
20 1000000 -1  0.169046
21 1000000 -1  0.151297
22 1000000 -1  0.15463
23 1000000 -1  0.154216
24 1000000 -1  0.152692
25 1000000 -1  0.151386
26 1000000 -1  0.15155
27 1000000 -1  0.164337
28 1000000 -1  0.170361
29 1000000 -1  0.168942
30 1000000 -1  0.168559
31 1000000 -1  0.16073
32 1000000 -1  0.15321
34 1000000 -1  0.157508
35 1000000 -1  0.152904
36 1000000 -1  0.154943
37 1000000 -1  0.157694
38 1000000 -1  0.155547
39 1000000 -1  0.153882
40 1000000 -1  0.157143
41 1000000 -1  0.152196
42 1000000 -1  0.16974
43 1000000 -1  0.157783
44 1000000 -1  0.159724
45 1000000 -1  0.152468
46 1000000 -1  0.156821
47 1000000 -1  0.161274
48 1000000 -1  0.15471
49 1000000 -1  0.160968
50 1000000 -1  0.15782
51 1000000 -1  0.154564
52 1000000 -1  0.155605
53 1000000 -1  0.161079
54 1000000 -1  0.162532
55 1000000 -1  0.153966
56 1000000 -1  0.165103
57 1000000 -1  0.153108
58 1000000 -1  0.153473
59 1000000 -1  0.158797
60 1000000 -1  0.162314
61 1000000 -1  0.156169
62 1000000 -1  0.15336
63 1000000 -1  0.152144
64 1000000 -1  0.152103
65 1000000 -1  0.154727
66 1000000 -1  0.16943
67 1000000 -1  0.159124
69 1000000 -1  0.152493
70 1000000 -1  0.152511
71 1000000 -1  0.152578
72 1000000 -1  0.153198
73 1000000 -1  0.161862
74 1000000 -1  0.150978
75 1000000 -1  0.153336
76 1000000 -1  0.153699
77 1000000 -1  0.150212
78 1000000 -1  0.169806
79 1000000 -1  0.164476
81 1000000 -1  0.155284
82 1000000 -1  0.155423
83 1000000 -1  0.154019
84 1000000 -1  0.153904
85 1000000 -1  0.155568
86 1000000 -1  0.16782
87 1000000 -1  0.161876
88 1000000 -1  0.158714
89 1000000 -1  0.157379
90 1000000 -1  0.174843
91 1000000 -1  0.155304
92 1000000 -1  0.158276
93 1000000 -1  0.158561
94 1000000 -1  0.157645
95 1000000 -1  0.157252
96 1000000 -1  0.155372
97 1000000 -1  0.15126
98 1000000 -1  0.154451
99 1000000 -1  0.249548
0 1000000 1  0.251385
1 1000000 1  0.266355
2 1000000 1  0.258908
3 1000000 1  0.254685
4 1000000 1  0.24716
5 1000000 1  0.247642
6 1000000 1  0.245088
7 1000000 1  0.244351
8 1000000 1  0.238471
9 1000000 1  0.24285
10 1000000 1  0.253373
11 1000000 1  0.241408
12 1000000 1  0.242136
13 1000000 1  0.246543
14 1000000 1  0.24252
15 1000000 1  0.240119
16 1000000 1  0.240515
17 1000000 1  0.238839
18 1000000 1  0.254079
19 1000000 1  0.240851
20 1000000 1  0.244183
21 1000000 1  0.241102
22 1000000 1  0.247458
23 1000000 1  0.239096
24 1000000 1  0.237407
25 1000000 1  0.240661
26 1000000 1  0.260294
27 1000000 1  0.24337
29 1000000 1  0.239766
30 1000000 1  0.236185
31 1000000 1  0.243283
32 1000000 1  0.240249
33 1000000 1  0.239156
34 1000000 1  0.243187
35 1000000 1  0.241071
36 1000000 1  0.248711
37 1000000 1  0.245395
38 1000000 1  0.237643
39 1000000 1  0.240689
40 1000000 1  0.241919
41 1000000 1  0.242608
42 1000000 1  0.247507
43 1000000 1  0.241768
44 1000000 1  0.246232
45 1000000 1  0.241216
46 1000000 1  0.241119
47 1000000 1  0.239595
49 1000000 1  0.241731
50 1000000 1  0.246217
52 1000000 1  0.245752
53 1000000 1  0.238406
54 1000000 1  0.238714
55 1000000 1  0.238399
56 1000000 1  0.250203
57 1000000 1  0.247474
58 1000000 1  0.258061
59 1000000 1  0.243009
60 1000000 1  0.241682
61 1000000 1  0.262351
62 1000000 1  0.245653
63 1000000 1  0.245383
64 1000000 1  0.238502
65 1000000 1  0.243366
66 1000000 1  0.245269
67 1000000 1  0.239314
68 1000000 1  0.243098
69 1000000 1  0.249456
70 1000000 1  0.240324
71 1000000 1  0.240403
72 1000000 1  0.243259
73 1000000 1  0.243811
75 1000000 1  0.244223
76 1000000 1  0.238485
78 1000000 1  0.248955
79 1000000 1  0.239587
80 1000000 1  0.241815
81 1000000 1  0.243099
82 1000000 1  0.25159
83 1000000 1  0.240613
84 1000000 1  0.242047
86 1000000 1  0.24547
87 1000000 1  0.238332
89 1000000 1  0.245244
90 1000000 1  0.242775
92 1000000 1  0.241955
93 1000000 1  0.242898
94 1000000 1  0.237311
95 1000000 1  0.24502
96 1000000 1  0.238113
97 1000000 1  0.242645
98 1000000 1  0.242005
99 1000000 1  0.244067
0 1000000 0.25  0.222797
1 1000000 0.25  0.227489
2 1000000 0.25  0.228332
3 1000000 0.25  0.22475
4 1000000 0.25  0.222037
5 1000000 0.25  0.229015
6 1000000 0.25  0.2281
7 1000000 0.25  0.229944
8 1000000 0.25  0.224569
9 1000000 0.25  0.219483
10 1000000 0.25  0.223073
11 1000000 0.25  0.221387
12 1000000 0.25  0.22147
13 1000000 0.25  0.22466
14 1000000 0.25  0.221532
15 1000000 0.25  0.222384
16 1000000 0.25  0.231226
17 1000000 0.25  0.223285
18 1000000 0.25  0.220568
19 1000000 0.25  0.230572
20 1000000 0.25  0.219162
21 1000000 0.25  0.23287
22 1000000 0.25  0.221363
23 1000000 0.25  0.227308
24 1000000 0.25  0.2365
25 1000000 0.25  0.222797
26 1000000 0.25  0.218535
27 1000000 0.25  0.219364
28 1000000 0.25  0.22187
29 1000000 0.25  0.219032
30 1000000 0.25  0.220816
31 1000000 0.25  0.217677
32 1000000 0.25  0.221304
33 1000000 0.25  0.231325
34 1000000 0.25  0.219455
35 1000000 0.25  0.224047
36 1000000 0.25  0.220307
37 1000000 0.25  0.222346
38 1000000 0.25  0.229391
39 1000000 0.25  0.223987
40 1000000 0.25  0.219271
41 1000000 0.25  0.220141
42 1000000 0.25  0.233985
43 1000000 0.25  0.225734
44 1000000 0.25  0.222891
45 1000000 0.25  0.224066
46 1000000 0.25  0.219704
47 1000000 0.25  0.232659
48 1000000 0.25  0.222299
49 1000000 0.25  0.220046
50 1000000 0.25  0.218548
51 1000000 0.25  0.219833
52 1000000 0.25  0.231867
53 1000000 0.25  0.219055
54 1000000 0.25  0.219368
55 1000000 0.25  0.21774
56 1000000 0.25  0.22107
57 1000000 0.25  0.224463
58 1000000 0.25  0.218271
59 1000000 0.25  0.233036
60 1000000 0.25  0.225666
61 1000000 0.25  0.226665
62 1000000 0.25  0.222177
63 1000000 0.25  0.220995
64 1000000 0.25  0.220447
65 1000000 0.25  0.21868
66 1000000 0.25  0.226182
67 1000000 0.25  0.219552
68 1000000 0.25  0.238502
69 1000000 0.25  0.224228
70 1000000 0.25  0.22021
71 1000000 0.25  0.225316
72 1000000 0.25  0.226357
73 1000000 0.25  0.223933
74 1000000 0.25  0.220793
75 1000000 0.25  0.226159
76 1000000 0.25  0.229219
77 1000000 0.25  0.217127
78 1000000 0.25  0.22479
79 1000000 0.25  0.220018
80 1000000 0.25  0.225706
81 1000000 0.25  0.222949
82 1000000 0.25  0.226925
83 1000000 0.25  0.222854
84 1000000 0.25  0.224702
85 1000000 0.25  0.225866
86 1000000 0.25  0.222321
87 1000000 0.25  0.22327
88 1000000 0.25  0.220126
89 1000000 0.25  0.222901
90 1000000 0.25  0.21769
91 1000000 0.25  0.222561
92 1000000 0.25  0.219437
93 1000000 0.25  0.219462
94 1000000 0.25  0.227251
95 1000000 0.25  0.219626
96 1000000 0.25  0.226421
97 1000000 0.25  0.21782
98 1000000 0.25  0.222587
99 1000000 0.25  0.24012
0 1000000 0.5  0.210409
1 1000000 0.5  0.203823
2 1000000 0.5  0.199421
3 1000000 0.5  0.201638
4 1000000 0.5  0.200257
5 1000000 0.5  0.200632
6 1000000 0.5  0.213796
7 1000000 0.5  0.200801
8 1000000 0.5  0.203758
9 1000000 0.5  0.198741
10 1000000 0.5  0.21048
11 1000000 0.5  0.205129
12 1000000 0.5  0.198571
13 1000000 0.5  0.197779
14 1000000 0.5  0.201137
15 1000000 0.5  0.200331
16 1000000 0.5  0.204731
17 1000000 0.5  0.202252
18 1000000 0.5  0.206415
19 1000000 0.5  0.213053
20 1000000 0.5  0.201865
21 1000000 0.5  0.20651
22 1000000 0.5  0.196254
23 1000000 0.5  0.199403
24 1000000 0.5  0.198678
25 1000000 0.5  0.19662
26 1000000 0.5  0.201469
27 1000000 0.5  0.198556
28 1000000 0.5  0.201428
29 1000000 0.5  0.206376
30 1000000 0.5  0.200554
31 1000000 0.5  0.204669
32 1000000 0.5  0.205438
33 1000000 0.5  0.211103
34 1000000 0.5  0.199821
35 1000000 0.5  0.203856
36 1000000 0.5  0.206817
37 1000000 0.5  0.205578
38 1000000 0.5  0.213262
39 1000000 0.5  0.202443
40 1000000 0.5  0.205997
41 1000000 0.5  0.20475
42 1000000 0.5  0.214999
43 1000000 0.5  0.203685
44 1000000 0.5  0.203465
45 1000000 0.5  0.200458
46 1000000 0.5  0.260869
47 1000000 0.5  0.221291
48 1000000 0.5  0.221967
49 1000000 0.5  0.215841
50 1000000 0.5  0.215635
51 1000000 0.5  0.215808
52 1000000 0.5  0.213719
53 1000000 0.5  0.209282
54 1000000 0.5  0.224835
55 1000000 0.5  0.20025
56 1000000 0.5  0.214041
57 1000000 0.5  0.203869
58 1000000 0.5  0.202285
59 1000000 0.5  0.196995
60 1000000 0.5  0.2015
61 1000000 0.5  0.206084
62 1000000 0.5  0.202585
63 1000000 0.5  0.202133
64 1000000 0.5  0.199058
65 1000000 0.5  0.204317
66 1000000 0.5  0.206586
67 1000000 0.5  0.197123
68 1000000 0.5  0.200637
69 1000000 0.5  0.197785
70 1000000 0.5  0.201638
71 1000000 0.5  0.200539
72 1000000 0.5  0.205787
73 1000000 0.5  0.197379
74 1000000 0.5  0.198139
75 1000000 0.5  0.198497
76 1000000 0.5  0.207573
77 1000000 0.5  0.205295
78 1000000 0.5  0.198831
79 1000000 0.5  0.198514
80 1000000 0.5  0.199577
81 1000000 0.5  0.200029
82 1000000 0.5  0.208731
83 1000000 0.5  0.198427
84 1000000 0.5  0.203911
85 1000000 0.5  0.200408
86 1000000 0.5  0.199692
87 1000000 0.5  0.209211
88 1000000 0.5  0.200631
89 1000000 0.5  0.202348
90 1000000 0.5  0.203168
91 1000000 0.5  0.201996
92 1000000 0.5  0.20378
93 1000000 0.5  0.198027
94 1000000 0.5  0.203747
95 1000000 0.5  0.20364
96 1000000 0.5  0.199254
97 1000000 0.5  0.204493
98 1000000 0.5  0.199388
99 1000000 0.5  0.241809
0 1000000 0.75  0.193512
1 1000000 0.75  0.215989
2 1000000 0.75  0.21816
3 1000000 0.75  0.182782
4 1000000 0.75  0.213647
5 1000000 0.75  0.213753
6 1000000 0.75  0.181979
7 1000000 0.75  0.179238
8 1000000 0.75  0.189692
9 1000000 0.75  0.174598
10 1000000 0.75  0.177245
11 1000000 0.75  0.176592
12 1000000 0.75  0.184272
13 1000000 0.75  0.192382
14 1000000 0.75  0.181928
15 1000000 0.75  0.184225
16 1000000 0.75  0.181592
17 1000000 0.75  0.188531
18 1000000 0.75  0.17681
19 1000000 0.75  0.176508
20 1000000 0.75  0.177074
21 1000000 0.75  0.179761
22 1000000 0.75  0.178207
23 1000000 0.75  0.182759
24 1000000 0.75  0.17666
25 1000000 0.75  0.184933
26 1000000 0.75  0.184907
27 1000000 0.75  0.198138
28 1000000 0.75  0.196917
29 1000000 0.75  0.195019
30 1000000 0.75  0.182384
31 1000000 0.75  0.179005
32 1000000 0.75  0.178946
33 1000000 0.75  0.181564
34 1000000 0.75  0.181994
35 1000000 0.75  0.177193
36 1000000 0.75  0.188692
37 1000000 0.75  0.197577
38 1000000 0.75  0.206745
39 1000000 0.75  0.193761
40 1000000 0.75  0.187689
41 1000000 0.75  0.18709
42 1000000 0.75  0.180171
43 1000000 0.75  0.183368
44 1000000 0.75  0.181213
45 1000000 0.75  0.182848
46 1000000 0.75  0.188164
47 1000000 0.75  0.177714
48 1000000 0.75  0.177227
49 1000000 0.75  0.181503
50 1000000 0.75  0.179519
51 1000000 0.75  0.18509
52 1000000 0.75  0.178317
53 1000000 0.75  0.177522
54 1000000 0.75  0.182871
55 1000000 0.75  0.183542
56 1000000 0.75  0.20126
57 1000000 0.75  0.200866
58 1000000 0.75  0.177399
59 1000000 0.75  0.190081
60 1000000 0.75  0.186174
61 1000000 0.75  0.178517
62 1000000 0.75  0.180616
63 1000000 0.75  0.174909
64 1000000 0.75  0.180848
65 1000000 0.75  0.182157
66 1000000 0.75  0.178419
67 1000000 0.75  0.183581
68 1000000 0.75  0.182348
69 1000000 0.75  0.177821
70 1000000 0.75  0.178335
71 1000000 0.75  0.179245
72 1000000 0.75  0.176963
73 1000000 0.75  0.175651
74 1000000 0.75  0.182281
75 1000000 0.75  0.177394
76 1000000 0.75  0.174153
77 1000000 0.75  0.179745
78 1000000 0.75  0.186795
79 1000000 0.75  0.182434
80 1000000 0.75  0.189942
81 1000000 0.75  0.191652
82 1000000 0.75  0.180221
83 1000000 0.75  0.182174
84 1000000 0.75  0.182215
85 1000000 0.75  0.190734
86 1000000 0.75  0.183885
87 1000000 0.75  0.183308
88 1000000 0.75  0.19391
89 1000000 0.75  0.181398
90 1000000 0.75  0.185921
91 1000000 0.75  0.19759
92 1000000 0.75  0.185511
93 1000000 0.75  0.183258
94 1000000 0.75  0.185939
95 1000000 0.75  0.184224
96 1000000 0.75  0.20595
97 1000000 0.75  0.178054
98 1000000 0.75  0.179123
99 1000000 0.75  0.245543
0 1000000 0.95  0.165075
1 1000000 0.95  0.166211
2 1000000 0.95  0.184108
3 1000000 0.95  0.162888
4 1000000 0.95  0.160124
5 1000000 0.95  0.17193
7 1000000 0.95  0.165814
8 1000000 0.95  0.159859
9 1000000 0.95  0.162742
10 1000000 0.95  0.159214
11 1000000 0.95  0.164596
12 1000000 0.95  0.161423
13 1000000 0.95  0.167757
15 1000000 0.95  0.162692
16 1000000 0.95  0.164598
17 1000000 0.95  0.168809
18 1000000 0.95  0.161269
19 1000000 0.95  0.163901
20 1000000 0.95  0.16066
22 1000000 0.95  0.161378
23 1000000 0.95  0.162016
24 1000000 0.95  0.158109
26 1000000 0.95  0.162948
27 1000000 0.95  0.157978
28 1000000 0.95  0.157421
30 1000000 0.95  0.159803
31 1000000 0.95  0.160199
32 1000000 0.95  0.165269
34 1000000 0.95  0.163237
35 1000000 0.95  0.162578
36 1000000 0.95  0.161392
38 1000000 0.95  0.165198
39 1000000 0.95  0.163978
40 1000000 0.95  0.162743
42 1000000 0.95  0.161743
43 1000000 0.95  0.158601
44 1000000 0.95  0.158263
45 1000000 0.95  0.164707
46 1000000 0.95  0.163033
47 1000000 0.95  0.165974
48 1000000 0.95  0.160158
50 1000000 0.95  0.16067
51 1000000 0.95  0.162929
52 1000000 0.95  0.171855
53 1000000 0.95  0.164025
54 1000000 0.95  0.160832
55 1000000 0.95  0.159718
57 1000000 0.95  0.163728
58 1000000 0.95  0.163734
59 1000000 0.95  0.163374
61 1000000 0.95  0.160211
62 1000000 0.95  0.158082
63 1000000 0.95  0.159459
65 1000000 0.95  0.177536
66 1000000 0.95  0.161411
67 1000000 0.95  0.161041
69 1000000 0.95  0.160393
70 1000000 0.95  0.173741
71 1000000 0.95  0.173036
72 1000000 0.95  0.160936
73 1000000 0.95  0.16134
74 1000000 0.95  0.161006
76 1000000 0.95  0.16798
77 1000000 0.95  0.165273
78 1000000 0.95  0.160746
79 1000000 0.95  0.160084
80 1000000 0.95  0.160834
81 1000000 0.95  0.159131
83 1000000 0.95  0.169438
84 1000000 0.95  0.159753
85 1000000 0.95  0.159622
86 1000000 0.95  0.16099
87 1000000 0.95  0.157779
88 1000000 0.95  0.163383
89 1000000 0.95  0.17038
90 1000000 0.95  0.161626
91 1000000 0.95  0.158434
93 1000000 0.95  0.163586
94 1000000 0.95  0.159607
95 1000000 0.95  0.159979
97 1000000 0.95  0.15934
98 1000000 0.95  0.161295
99 1000000 0.95  0.241691
0 1000000 0.99  0.166115
1 1000000 0.99  0.160846
2 1000000 0.99  0.168312
3 1000000 0.99  0.156605
4 1000000 0.99  0.159371
5 1000000 0.99  0.15514
6 1000000 0.99  0.156824
7 1000000 0.99  0.164502
8 1000000 0.99  0.155135
9 1000000 0.99  0.156216
10 1000000 0.99  0.158804
11 1000000 0.99  0.160823
12 1000000 0.99  0.163128
13 1000000 0.99  0.158233
14 1000000 0.99  0.159977
15 1000000 0.99  0.158599
16 1000000 0.99  0.159792
17 1000000 0.99  0.158835
18 1000000 0.99  0.160748
19 1000000 0.99  0.159853
20 1000000 0.99  0.166052
21 1000000 0.99  0.158498
22 1000000 0.99  0.160781
23 1000000 0.99  0.157149
24 1000000 0.99  0.157843
25 1000000 0.99  0.154755
26 1000000 0.99  0.167698
27 1000000 0.99  0.158823
28 1000000 0.99  0.153916
29 1000000 0.99  0.157814
30 1000000 0.99  0.157464
31 1000000 0.99  0.160288
32 1000000 0.99  0.156156
33 1000000 0.99  0.161932
34 1000000 0.99  0.156505
35 1000000 0.99  0.156884
36 1000000 0.99  0.159783
37 1000000 0.99  0.158681
38 1000000 0.99  0.156254
39 1000000 0.99  0.156449
40 1000000 0.99  0.160664
41 1000000 0.99  0.160241
42 1000000 0.99  0.154022
43 1000000 0.99  0.159145
44 1000000 0.99  0.156963
45 1000000 0.99  0.158195
46 1000000 0.99  0.160292
47 1000000 0.99  0.156726
48 1000000 0.99  0.156004
49 1000000 0.99  0.165207
50 1000000 0.99  0.163899
52 1000000 0.99  0.160506
53 1000000 0.99  0.157275
54 1000000 0.99  0.156744
55 1000000 0.99  0.157289
56 1000000 0.99  0.156922
57 1000000 0.99  0.15614
58 1000000 0.99  0.156171
59 1000000 0.99  0.158168
60 1000000 0.99  0.156851
61 1000000 0.99  0.157691
62 1000000 0.99  0.165584
64 1000000 0.99  0.160222
65 1000000 0.99  0.167256
66 1000000 0.99  0.159725
67 1000000 0.99  0.158306
68 1000000 0.99  0.156352
69 1000000 0.99  0.161989
70 1000000 0.99  0.158033
71 1000000 0.99  0.155189
72 1000000 0.99  0.180949
73 1000000 0.99  0.15678
74 1000000 0.99  0.167801
75 1000000 0.99  0.159485
76 1000000 0.99  0.15808
77 1000000 0.99  0.15665
78 1000000 0.99  0.163053
79 1000000 0.99  0.15678
80 1000000 0.99  0.157185
81 1000000 0.99  0.156779
82 1000000 0.99  0.159427
83 1000000 0.99  0.154961
84 1000000 0.99  0.155686
85 1000000 0.99  0.159378
86 1000000 0.99  0.162928
87 1000000 0.99  0.155799
88 1000000 0.99  0.156279
89 1000000 0.99  0.155406
90 1000000 0.99  0.156076
91 1000000 0.99  0.160418
92 1000000 0.99  0.160018
94 1000000 0.99  0.156795
95 1000000 0.99  0.157726
96 1000000 0.99  0.15629
97 1000000 0.99  0.156985
98 1000000 0.99  0.172867
99 1000000 0.99  0.237698
0 1000000 0.997  0.154038
1 1000000 0.997  0.160084
2 1000000 0.997  0.157151
3 1000000 0.997  0.156941
4 1000000 0.997  0.157488
5 1000000 0.997  0.152907
6 1000000 0.997  0.153658
7 1000000 0.997  0.162084
8 1000000 0.997  0.159323
9 1000000 0.997  0.155489
10 1000000 0.997  0.158393
11 1000000 0.997  0.163695
12 1000000 0.997  0.157331
13 1000000 0.997  0.157182
14 1000000 0.997  0.168749
16 1000000 0.997  0.156595
17 1000000 0.997  0.155081
18 1000000 0.997  0.156538
19 1000000 0.997  0.161012
20 1000000 0.997  0.162032
21 1000000 0.997  0.154417
22 1000000 0.997  0.152937
23 1000000 0.997  0.156744
24 1000000 0.997  0.157169
25 1000000 0.997  0.157888
27 1000000 0.997  0.16298
28 1000000 0.997  0.161284
29 1000000 0.997  0.157539
30 1000000 0.997  0.155591
31 1000000 0.997  0.157485
32 1000000 0.997  0.157857
33 1000000 0.997  0.163054
34 1000000 0.997  0.158558
35 1000000 0.997  0.155787
36 1000000 0.997  0.167987
38 1000000 0.997  0.15905
39 1000000 0.997  0.1534
40 1000000 0.997  0.159912
41 1000000 0.997  0.15814
42 1000000 0.997  0.158103
43 1000000 0.997  0.154874
44 1000000 0.997  0.154978
45 1000000 0.997  0.155592
46 1000000 0.997  0.16353
47 1000000 0.997  0.156248
48 1000000 0.997  0.162881
49 1000000 0.997  0.156886
50 1000000 0.997  0.157739
51 1000000 0.997  0.158868
52 1000000 0.997  0.153361
53 1000000 0.997  0.163688
54 1000000 0.997  0.15764
55 1000000 0.997  0.156989
56 1000000 0.997  0.154028
57 1000000 0.997  0.159676
58 1000000 0.997  0.156194
59 1000000 0.997  0.160419
60 1000000 0.997  0.1677
61 1000000 0.997  0.155657
62 1000000 0.997  0.156239
63 1000000 0.997  0.157062
64 1000000 0.997  0.159244
65 1000000 0.997  0.156248
66 1000000 0.997  0.159766
67 1000000 0.997  0.15602
68 1000000 0.997  0.153302
69 1000000 0.997  0.15564
70 1000000 0.997  0.155338
71 1000000 0.997  0.155673
72 1000000 0.997  0.167877
73 1000000 0.997  0.151507
74 1000000 0.997  0.155096
75 1000000 0.997  0.157276
76 1000000 0.997  0.156415
78 1000000 0.997  0.156172
79 1000000 0.997  0.160536
80 1000000 0.997  0.155023
81 1000000 0.997  0.158368
82 1000000 0.997  0.158267
83 1000000 0.997  0.154829
84 1000000 0.997  0.165376
85 1000000 0.997  0.159806
86 1000000 0.997  0.157196
87 1000000 0.997  0.157155
88 1000000 0.997  0.160786
89 1000000 0.997  0.157207
90 1000000 0.997  0.15519
91 1000000 0.997  0.156462
93 1000000 0.997  0.157193
94 1000000 0.997  0.158299
95 1000000 0.997  0.158514
96 1000000 0.997  0.167833
97 1000000 0.997  0.159265
98 1000000 0.997  0.15979
99 1000000 0.997  0.242904
