0 10000 -1  0.0007217
1 10000 -1  0.0011214
2 10000 -1  0.0007698
3 10000 -1  0.0007961
4 10000 -1  0.0010778
5 10000 -1  0.0007505
6 10000 -1  0.0007625
7 10000 -1  0.0010707
8 10000 -1  0.0007684
9 10000 -1  0.0008446
10 10000 -1  0.0007946
11 10000 -1  0.0010015
12 10000 -1  0.001003
13 10000 -1  0.0010663
14 10000 -1  0.0010503
15 10000 -1  0.0028331
16 10000 -1  0.0010386
17 10000 -1  0.0008329
18 10000 -1  0.0008719
19 10000 -1  0.0009087
20 10000 -1  0.0008359
21 10000 -1  0.0009748
22 10000 -1  0.0008866
23 10000 -1  0.0008788
24 10000 -1  0.000888
25 10000 -1  0.0011068
26 10000 -1  0.0011758
27 10000 -1  0.0009821
28 10000 -1  0.0008027
29 10000 -1  0.0008125
30 10000 -1  0.0010594
31 10000 -1  0.0007706
32 10000 -1  0.0009729
33 10000 -1  0.0009127
34 10000 -1  0.0008686
35 10000 -1  0.0008519
36 10000 -1  0.0007563
37 10000 -1  0.0008548
38 10000 -1  0.0007968
39 10000 -1  0.0007683
40 10000 -1  0.0008307
41 10000 -1  0.0011662
42 10000 -1  0.0010411
43 10000 -1  0.0007971
44 10000 -1  0.0008898
45 10000 -1  0.0007753
46 10000 -1  0.0007615
47 10000 -1  0.0010119
48 10000 -1  0.0008304
49 10000 -1  0.0008005
50 10000 -1  0.0007618
51 10000 -1  0.0007706
52 10000 -1  0.000835
53 10000 -1  0.0008493
54 10000 -1  0.0008563
55 10000 -1  0.0011469
56 10000 -1  0.0008249
57 10000 -1  0.0008088
58 10000 -1  0.0010058
59 10000 -1  0.0008424
60 10000 -1  0.0009223
61 10000 -1  0.000822
62 10000 -1  0.0008715
63 10000 -1  0.0008088
64 10000 -1  0.0010002
65 10000 -1  0.0008876
66 10000 -1  0.0010196
67 10000 -1  0.0008081
68 10000 -1  0.0012371
69 10000 -1  0.0009573
70 10000 -1  0.0009628
71 10000 -1  0.0008252
72 10000 -1  0.0009675
73 10000 -1  0.0009229
74 10000 -1  0.0009902
75 10000 -1  0.0008522
76 10000 -1  0.0008843
77 10000 -1  0.0015149
78 10000 -1  0.0008924
79 10000 -1  0.0008024
80 10000 -1  0.0007746
81 10000 -1  0.000837
82 10000 -1  0.0008817
83 10000 -1  0.0009653
84 10000 -1  0.0007943
85 10000 -1  0.0008026
86 10000 -1  0.0008241
87 10000 -1  0.0008748
88 10000 -1  0.001032
89 10000 -1  0.0008624
90 10000 -1  0.000959
91 10000 -1  0.0008504
92 10000 -1  0.0010783
93 10000 -1  0.0008143
94 10000 -1  0.0008854
95 10000 -1  0.0007964
96 10000 -1  0.0008818
97 10000 -1  0.0009237
98 10000 -1  0.0008085
99 10000 -1  0.0009252
0 10000 1  0.0012902
1 10000 1  0.0016695
2 10000 1  0.0014703
3 10000 1  0.0013399
4 10000 1  0.0013325
5 10000 1  0.0015589
6 10000 1  0.0016894
7 10000 1  0.0013621
8 10000 1  0.0013026
9 10000 1  0.0015378
10 10000 1  0.0013828
11 10000 1  0.0013609
12 10000 1  0.0014786
13 10000 1  0.0013332
14 10000 1  0.0013504
15 10000 1  0.0017461
16 10000 1  0.0012931
17 10000 1  0.0013037
18 10000 1  0.0013745
19 10000 1  0.00128
20 10000 1  0.0020381
21 10000 1  0.0013501
22 10000 1  0.0012946
23 10000 1  0.0012329
24 10000 1  0.0013215
25 10000 1  0.0012807
26 10000 1  0.0017833
27 10000 1  0.001272
28 10000 1  0.0013016
29 10000 1  0.0012745
30 10000 1  0.0023051
31 10000 1  0.0014309
32 10000 1  0.0014981
33 10000 1  0.0013398
34 10000 1  0.0014277
35 10000 1  0.0014357
36 10000 1  0.0013449
37 10000 1  0.0018937
38 10000 1  0.0013591
39 10000 1  0.0013901
40 10000 1  0.0014419
41 10000 1  0.0013438
42 10000 1  0.0013282
43 10000 1  0.0013675
44 10000 1  0.0014507
45 10000 1  0.0013709
46 10000 1  0.0013803
47 10000 1  0.0021071
48 10000 1  0.0015073
49 10000 1  0.0016228
50 10000 1  0.0013353
51 10000 1  0.0013241
52 10000 1  0.001327
53 10000 1  0.0016174
54 10000 1  0.0013253
55 10000 1  0.0014274
56 10000 1  0.0012472
57 10000 1  0.0013665
58 10000 1  0.0013584
59 10000 1  0.0014761
60 10000 1  0.0012939
61 10000 1  0.0013358
62 10000 1  0.0013715
63 10000 1  0.0013522
64 10000 1  0.0013978
65 10000 1  0.0016221
66 10000 1  0.001338
67 10000 1  0.0012792
68 10000 1  0.0013621
69 10000 1  0.0016411
70 10000 1  0.0015842
71 10000 1  0.0014635
72 10000 1  0.0012834
73 10000 1  0.0014547
74 10000 1  0.0013678
75 10000 1  0.0014905
76 10000 1  0.0014515
77 10000 1  0.0012425
78 10000 1  0.0012234
79 10000 1  0.0013091
80 10000 1  0.0014515
81 10000 1  0.0014741
82 10000 1  0.0014715
83 10000 1  0.0013274
84 10000 1  0.0013646
85 10000 1  0.0012654
86 10000 1  0.0016345
87 10000 1  0.0012567
88 10000 1  0.0012639
89 10000 1  0.001295
90 10000 1  0.0013858
91 10000 1  0.0012293
92 10000 1  0.0015196
93 10000 1  0.001645
94 10000 1  0.0014517
95 10000 1  0.0015392
96 10000 1  0.0013887
97 10000 1  0.0013492
98 10000 1  0.0016967
99 10000 1  0.0012457
0 10000 0.25  0.001501
1 10000 0.25  0.0017884
2 10000 0.25  0.0012793
3 10000 0.25  0.0014141
4 10000 0.25  0.0016275
5 10000 0.25  0.0014546
6 10000 0.25  0.0014937
7 10000 0.25  0.0013421
8 10000 0.25  0.0015437
9 10000 0.25  0.0014124
10 10000 0.25  0.0014452
11 10000 0.25  0.0014666
12 10000 0.25  0.0012625
13 10000 0.25  0.0013437
14 10000 0.25  0.0016053
15 10000 0.25  0.0014346
16 10000 0.25  0.0014597
17 10000 0.25  0.0017205
18 10000 0.25  0.0014397
19 10000 0.25  0.0014248
20 10000 0.25  0.0014065
21 10000 0.25  0.0013627
22 10000 0.25  0.0013095
23 10000 0.25  0.0012815
24 10000 0.25  0.0013873
25 10000 0.25  0.0012501
26 10000 0.25  0.0012352
27 10000 0.25  0.001275
28 10000 0.25  0.0013386
29 10000 0.25  0.001308
30 10000 0.25  0.001319
31 10000 0.25  0.0014091
32 10000 0.25  0.0013114
33 10000 0.25  0.0012924
34 10000 0.25  0.0015301
35 10000 0.25  0.0014218
36 10000 0.25  0.0012422
37 10000 0.25  0.0012296
38 10000 0.25  0.0014379
39 10000 0.25  0.0012581
40 10000 0.25  0.0012712
41 10000 0.25  0.0013847
42 10000 0.25  0.0012927
43 10000 0.25  0.0012286
44 10000 0.25  0.001535
45 10000 0.25  0.0013063
46 10000 0.25  0.001575
47 10000 0.25  0.0014028
48 10000 0.25  0.0014167
49 10000 0.25  0.001753
50 10000 0.25  0.0015068
51 10000 0.25  0.0014867
52 10000 0.25  0.0012896
53 10000 0.25  0.0015961
54 10000 0.25  0.0013106
55 10000 0.25  0.0012501
56 10000 0.25  0.0013084
57 10000 0.25  0.0015779
58 10000 0.25  0.0012643
59 10000 0.25  0.0013015
60 10000 0.25  0.0014276
61 10000 0.25  0.0013628
62 10000 0.25  0.001261
63 10000 0.25  0.0013744
64 10000 0.25  0.0017104
65 10000 0.25  0.0012469
66 10000 0.25  0.0015852
67 10000 0.25  0.0014664
68 10000 0.25  0.0013049
69 10000 0.25  0.0013085
70 10000 0.25  0.0012872
71 10000 0.25  0.0012421
72 10000 0.25  0.0014368
73 10000 0.25  0.0013894
74 10000 0.25  0.0012677
75 10000 0.25  0.0015455
76 10000 0.25  0.0014761
77 10000 0.25  0.0013611
78 10000 0.25  0.0018569
79 10000 0.25  0.0012636
80 10000 0.25  0.0014853
81 10000 0.25  0.0013428
82 10000 0.25  0.0013362
83 10000 0.25  0.0015342
84 10000 0.25  0.0013277
85 10000 0.25  0.0014645
86 10000 0.25  0.0014456
87 10000 0.25  0.0012818
88 10000 0.25  0.0012713
89 10000 0.25  0.0014711
90 10000 0.25  0.0013493
91 10000 0.25  0.0014511
92 10000 0.25  0.0013264
93 10000 0.25  0.0012323
94 10000 0.25  0.0014178
95 10000 0.25  0.0013795
96 10000 0.25  0.0013245
97 10000 0.25  0.0013052
98 10000 0.25  0.0012898
99 10000 0.25  0.0015254
0 10000 0.5  0.0030997
1 10000 0.5  0.0019977
2 10000 0.5  0.0020509
3 10000 0.5  0.001571
4 10000 0.5  0.0017282
5 10000 0.5  0.0028518
6 10000 0.5  0.0044078
7 10000 0.5  0.0013259
8 10000 0.5  0.0017016
9 10000 0.5  0.0020133
10 10000 0.5  0.0012282
11 10000 0.5  0.0028795
12 10000 0.5  0.0014781
13 10000 0.5  0.0023886
14 10000 0.5  0.0022694
15 10000 0.5  0.001547
16 10000 0.5  0.0014923
17 10000 0.5  0.0016163
18 10000 0.5  0.0025224
19 10000 0.5  0.0033543
20 10000 0.5  0.0016089
21 10000 0.5  0.0023777
22 10000 0.5  0.0022974
23 10000 0.5  0.0013953
24 10000 0.5  0.0021024
25 10000 0.5  0.0019547
26 10000 0.5  0.0024594
27 10000 0.5  0.00237
28 10000 0.5  0.0017206
29 10000 0.5  0.0013497
30 10000 0.5  0.0013672
31 10000 0.5  0.0021246
32 10000 0.5  0.001908
33 10000 0.5  0.0046977
34 10000 0.5  0.0015083
35 10000 0.5  0.0020794
36 10000 0.5  0.0034727
37 10000 0.5  0.0013238
38 10000 0.5  0.0016315
39 10000 0.5  0.0021621
40 10000 0.5  0.0031786
41 10000 0.5  0.0019885
42 10000 0.5  0.0032025
43 10000 0.5  0.0014139
44 10000 0.5  0.0014175
45 10000 0.5  0.0015881
46 10000 0.5  0.0021297
47 10000 0.5  0.0019843
48 10000 0.5  0.0013467
49 10000 0.5  0.0014646
50 10000 0.5  0.0012811
51 10000 0.5  0.0035085
52 10000 0.5  0.0014773
53 10000 0.5  0.0013595
54 10000 0.5  0.001287
55 10000 0.5  0.0037824
56 10000 0.5  0.0036844
57 10000 0.5  0.0014606
58 10000 0.5  0.0026643
59 10000 0.5  0.0028496
60 10000 0.5  0.002928
61 10000 0.5  0.0014332
62 10000 0.5  0.0014066
63 10000 0.5  0.001777
64 10000 0.5  0.001397
65 10000 0.5  0.0015269
66 10000 0.5  0.0016519
67 10000 0.5  0.0013007
68 10000 0.5  0.0012807
69 10000 0.5  0.0016779
70 10000 0.5  0.0026607
71 10000 0.5  0.0012964
72 10000 0.5  0.0022511
73 10000 0.5  0.0035227
74 10000 0.5  0.0013055
75 10000 0.5  0.0026314
76 10000 0.5  0.001478
77 10000 0.5  0.0019146
78 10000 0.5  0.0013328
79 10000 0.5  0.0023378
80 10000 0.5  0.0021779
81 10000 0.5  0.0014102
82 10000 0.5  0.0016458
83 10000 0.5  0.0017177
84 10000 0.5  0.0018339
85 10000 0.5  0.0019485
86 10000 0.5  0.0013288
87 10000 0.5  0.0013583
88 10000 0.5  0.0015433
89 10000 0.5  0.0012712
90 10000 0.5  0.001741
91 10000 0.5  0.0020311
92 10000 0.5  0.0027194
93 10000 0.5  0.0025848
94 10000 0.5  0.0013873
95 10000 0.5  0.0022897
96 10000 0.5  0.0014189
97 10000 0.5  0.0015703
98 10000 0.5  0.0017859
99 10000 0.5  0.0067362
0 10000 0.75  0.0010262
1 10000 0.75  0.0013273
2 10000 0.75  0.0011695
3 10000 0.75  0.0012522
4 10000 0.75  0.0011374
5 10000 0.75  0.0012619
6 10000 0.75  0.0011543
7 10000 0.75  0.0010196
8 10000 0.75  0.0011115
9 10000 0.75  0.0014712
10 10000 0.75  0.0011414
11 10000 0.75  0.0014003
12 10000 0.75  0.001281
13 10000 0.75  0.0010948
14 10000 0.75  0.0011616
15 10000 0.75  0.0016352
16 10000 0.75  0.0011732
17 10000 0.75  0.0010454
18 10000 0.75  0.0011276
19 10000 0.75  0.0012122
20 10000 0.75  0.0011534
21 10000 0.75  0.001264
22 10000 0.75  0.0011067
23 10000 0.75  0.0014066
24 10000 0.75  0.0010462
25 10000 0.75  0.0013129
26 10000 0.75  0.0012789
27 10000 0.75  0.0011936
28 10000 0.75  0.0014178
29 10000 0.75  0.001151
30 10000 0.75  0.0012315
31 10000 0.75  0.0010963
32 10000 0.75  0.0011097
33 10000 0.75  0.0012293
34 10000 0.75  0.0010853
35 10000 0.75  0.0011246
36 10000 0.75  0.0012836
37 10000 0.75  0.001175
38 10000 0.75  0.0012647
39 10000 0.75  0.0011563
40 10000 0.75  0.0011221
41 10000 0.75  0.0017319
42 10000 0.75  0.0011232
43 10000 0.75  0.0012144
44 10000 0.75  0.0011378
45 10000 0.75  0.0013059
46 10000 0.75  0.0011459
47 10000 0.75  0.0011417
48 10000 0.75  0.0012782
49 10000 0.75  0.0011962
50 10000 0.75  0.0010941
51 10000 0.75  0.0011006
52 10000 0.75  0.0013678
53 10000 0.75  0.001687
54 10000 0.75  0.0011426
55 10000 0.75  0.0012377
56 10000 0.75  0.0011491
57 10000 0.75  0.0011309
58 10000 0.75  0.001132
59 10000 0.75  0.001093
60 10000 0.75  0.0011297
61 10000 0.75  0.0010579
62 10000 0.75  0.0011108
63 10000 0.75  0.0011097
64 10000 0.75  0.0011334
65 10000 0.75  0.001097
66 10000 0.75  0.0017519
67 10000 0.75  0.0011444
68 10000 0.75  0.0011122
69 10000 0.75  0.001078
70 10000 0.75  0.0011454
71 10000 0.75  0.0024481
72 10000 0.75  0.0012716
73 10000 0.75  0.0014066
74 10000 0.75  0.0011553
75 10000 0.75  0.0013241
76 10000 0.75  0.0012712
77 10000 0.75  0.0010616
78 10000 0.75  0.0014883
79 10000 0.75  0.0011915
80 10000 0.75  0.0012067
81 10000 0.75  0.0013026
82 10000 0.75  0.0010966
83 10000 0.75  0.0011232
84 10000 0.75  0.0011761
85 10000 0.75  0.0014551
86 10000 0.75  0.0012042
87 10000 0.75  0.0010867
88 10000 0.75  0.00118
89 10000 0.75  0.0011582
90 10000 0.75  0.0011229
91 10000 0.75  0.0011804
92 10000 0.75  0.0013052
93 10000 0.75  0.0011364
94 10000 0.75  0.001156
95 10000 0.75  0.0011512
96 10000 0.75  0.0012445
97 10000 0.75  0.0011232
98 10000 0.75  0.0013478
99 10000 0.75  0.0011068
0 10000 0.95  0.0009619
1 10000 0.95  0.0011075
2 10000 0.95  0.0013406
3 10000 0.95  0.0010219
4 10000 0.95  0.0009599
5 10000 0.95  0.0013332
6 10000 0.95  0.0011651
7 10000 0.95  0.0009262
8 10000 0.95  0.001025
9 10000 0.95  0.0011491
10 10000 0.95  0.0010991
11 10000 0.95  0.0012118
12 10000 0.95  0.0010382
13 10000 0.95  0.0010316
14 10000 0.95  0.001098
15 10000 0.95  0.0014499
16 10000 0.95  0.001233
17 10000 0.95  0.001207
18 10000 0.95  0.0010262
19 10000 0.95  0.0010532
20 10000 0.95  0.0010188
21 10000 0.95  0.0010722
22 10000 0.95  0.0010677
23 10000 0.95  0.0010916
24 10000 0.95  0.0010572
25 10000 0.95  0.0011153
26 10000 0.95  0.0009364
27 10000 0.95  0.0009529
28 10000 0.95  0.0012768
29 10000 0.95  0.0011953
30 10000 0.95  0.0011936
31 10000 0.95  0.0011946
32 10000 0.95  0.0012322
33 10000 0.95  0.0012337
34 10000 0.95  0.0009696
35 10000 0.95  0.0012462
36 10000 0.95  0.0010069
37 10000 0.95  0.0010702
38 10000 0.95  0.0011242
39 10000 0.95  0.0011517
40 10000 0.95  0.0009657
41 10000 0.95  0.0009937
42 10000 0.95  0.0010397
43 10000 0.95  0.0009664
44 10000 0.95  0.0009569
45 10000 0.95  0.0010783
46 10000 0.95  0.0011239
47 10000 0.95  0.0010054
48 10000 0.95  0.0011746
49 10000 0.95  0.0009864
50 10000 0.95  0.0012599
51 10000 0.95  0.0010783
52 10000 0.95  0.0014204
53 10000 0.95  0.0011953
54 10000 0.95  0.0013201
55 10000 0.95  0.0012082
56 10000 0.95  0.0012209
57 10000 0.95  0.0010069
58 10000 0.95  0.0009948
59 10000 0.95  0.0009161
60 10000 0.95  0.0011105
61 10000 0.95  0.0009901
62 10000 0.95  0.0010914
63 10000 0.95  0.0012425
64 10000 0.95  0.0010594
65 10000 0.95  0.0011903
66 10000 0.95  0.0009624
67 10000 0.95  0.0014018
68 10000 0.95  0.0009613
69 10000 0.95  0.0010068
70 10000 0.95  0.0011349
71 10000 0.95  0.0012639
72 10000 0.95  0.001054
73 10000 0.95  0.000997
74 10000 0.95  0.0009661
75 10000 0.95  0.0011951
76 10000 0.95  0.0012672
77 10000 0.95  0.0010203
78 10000 0.95  0.0009945
79 10000 0.95  0.0010852
80 10000 0.95  0.0009907
81 10000 0.95  0.0009281
82 10000 0.95  0.0010459
83 10000 0.95  0.0012431
84 10000 0.95  0.0012304
85 10000 0.95  0.0010364
86 10000 0.95  0.0011538
87 10000 0.95  0.0011361
88 10000 0.95  0.0011648
89 10000 0.95  0.0009864
90 10000 0.95  0.001117
91 10000 0.95  0.0009667
92 10000 0.95  0.0010784
93 10000 0.95  0.0010907
94 10000 0.95  0.000924
95 10000 0.95  0.001164
96 10000 0.95  0.0009543
97 10000 0.95  0.0009801
98 10000 0.95  0.0010345
99 10000 0.95  0.0009484
0 10000 0.99  0.0009318
1 10000 0.99  0.0010054
2 10000 0.99  0.0010324
3 10000 0.99  0.0010554
4 10000 0.99  0.0009492
5 10000 0.99  0.0009065
6 10000 0.99  0.0010115
7 10000 0.99  0.0009368
8 10000 0.99  0.0009533
9 10000 0.99  0.000942
10 10000 0.99  0.0009507
11 10000 0.99  0.001056
12 10000 0.99  0.0008949
13 10000 0.99  0.0009974
14 10000 0.99  0.0008315
15 10000 0.99  0.0009146
16 10000 0.99  0.0010698
17 10000 0.99  0.0009098
18 10000 0.99  0.0009481
19 10000 0.99  0.0008311
20 10000 0.99  0.0009759
21 10000 0.99  0.000921
22 10000 0.99  0.0010177
23 10000 0.99  0.00102
24 10000 0.99  0.0009642
25 10000 0.99  0.0011242
26 10000 0.99  0.0009109
27 10000 0.99  0.0009215
28 10000 0.99  0.0008683
29 10000 0.99  0.0008832
30 10000 0.99  0.0011651
31 10000 0.99  0.0008803
32 10000 0.99  0.0009456
33 10000 0.99  0.0010279
34 10000 0.99  0.0009573
35 10000 0.99  0.0011118
36 10000 0.99  0.0011552
37 10000 0.99  0.0009066
38 10000 0.99  0.0010551
39 10000 0.99  0.000865
40 10000 0.99  0.0011914
41 10000 0.99  0.0009588
42 10000 0.99  0.0009576
43 10000 0.99  0.0008227
44 10000 0.99  0.0008841
45 10000 0.99  0.0012443
46 10000 0.99  0.001113
47 10000 0.99  0.0008706
48 10000 0.99  0.001059
49 10000 0.99  0.0012227
50 10000 0.99  0.000916
51 10000 0.99  0.0010255
52 10000 0.99  0.0010524
53 10000 0.99  0.0010284
54 10000 0.99  0.0009061
55 10000 0.99  0.0010604
56 10000 0.99  0.0008789
57 10000 0.99  0.0009766
58 10000 0.99  0.001044
59 10000 0.99  0.0010834
60 10000 0.99  0.0012734
61 10000 0.99  0.0010966
62 10000 0.99  0.0008577
63 10000 0.99  0.0008933
64 10000 0.99  0.0008949
65 10000 0.99  0.0011669
66 10000 0.99  0.0008939
67 10000 0.99  0.0010722
68 10000 0.99  0.0008631
69 10000 0.99  0.0009831
70 10000 0.99  0.0008669
71 10000 0.99  0.0011651
72 10000 0.99  0.0009547
73 10000 0.99  0.0009439
74 10000 0.99  0.0008946
75 10000 0.99  0.0008267
76 10000 0.99  0.0010579
77 10000 0.99  0.0010922
78 10000 0.99  0.0009317
79 10000 0.99  0.000872
80 10000 0.99  0.0010831
81 10000 0.99  0.0009368
82 10000 0.99  0.0009011
83 10000 0.99  0.0011276
84 10000 0.99  0.0008792
85 10000 0.99  0.0009044
86 10000 0.99  0.0010674
87 10000 0.99  0.0008653
88 10000 0.99  0.0011874
89 10000 0.99  0.0011516
90 10000 0.99  0.0009212
91 10000 0.99  0.0009292
92 10000 0.99  0.0009138
93 10000 0.99  0.0011676
94 10000 0.99  0.0009441
95 10000 0.99  0.0011589
96 10000 0.99  0.0009281
97 10000 0.99  0.0009751
98 10000 0.99  0.000934
99 10000 0.99  0.0008864
0 10000 0.997  0.0007794
1 10000 0.997  0.0011408
2 10000 0.997  0.0011345
3 10000 0.997  0.0008919
4 10000 0.997  0.0010466
5 10000 0.997  0.0010302
6 10000 0.997  0.0008757
7 10000 0.997  0.0010714
8 10000 0.997  0.0008738
9 10000 0.997  0.0011086
10 10000 0.997  0.0009332
11 10000 0.997  0.0009321
12 10000 0.997  0.0010645
13 10000 0.997  0.0008504
14 10000 0.997  0.000989
15 10000 0.997  0.0009608
16 10000 0.997  0.0010189
17 10000 0.997  0.0011758
18 10000 0.997  0.000834
19 10000 0.997  0.0010966
20 10000 0.997  0.0013752
21 10000 0.997  0.0008654
22 10000 0.997  0.0010163
23 10000 0.997  0.0009788
24 10000 0.997  0.0009181
25 10000 0.997  0.0010979
26 10000 0.997  0.0011856
27 10000 0.997  0.0008494
28 10000 0.997  0.0008873
29 10000 0.997  0.0008494
30 10000 0.997  0.0008577
31 10000 0.997  0.0010338
32 10000 0.997  0.0009992
33 10000 0.997  0.0008438
34 10000 0.997  0.0010943
35 10000 0.997  0.0008508
36 10000 0.997  0.0009758
37 10000 0.997  0.0008996
38 10000 0.997  0.0012367
39 10000 0.997  0.0010243
40 10000 0.997  0.0010397
41 10000 0.997  0.000939
42 10000 0.997  0.0009007
43 10000 0.997  0.0008727
44 10000 0.997  0.0008172
45 10000 0.997  0.0010204
46 10000 0.997  0.0007974
47 10000 0.997  0.0011797
48 10000 0.997  0.0007982
49 10000 0.997  0.0009106
50 10000 0.997  0.0009004
51 10000 0.997  0.0011611
52 10000 0.997  0.0008147
53 10000 0.997  0.0008515
54 10000 0.997  0.0008639
55 10000 0.997  0.0008901
56 10000 0.997  0.0011247
57 10000 0.997  0.0008672
58 10000 0.997  0.0008526
59 10000 0.997  0.0009091
60 10000 0.997  0.000862
61 10000 0.997  0.0009033
62 10000 0.997  0.000916
63 10000 0.997  0.0008869
64 10000 0.997  0.0010477
65 10000 0.997  0.000802
66 10000 0.997  0.0010101
67 10000 0.997  0.000908
68 10000 0.997  0.0008252
69 10000 0.997  0.0009117
70 10000 0.997  0.0010823
71 10000 0.997  0.0008617
72 10000 0.997  0.0008779
73 10000 0.997  0.0008705
74 10000 0.997  0.0008191
75 10000 0.997  0.0008669
76 10000 0.997  0.0009102
77 10000 0.997  0.0008726
78 10000 0.997  0.000877
79 10000 0.997  0.0008774
80 10000 0.997  0.0008679
81 10000 0.997  0.0008377
82 10000 0.997  0.0008278
83 10000 0.997  0.0009642
84 10000 0.997  0.0008405
85 10000 0.997  0.0009525
86 10000 0.997  0.0008749
87 10000 0.997  0.0008996
88 10000 0.997  0.0008391
89 10000 0.997  0.0009599
90 10000 0.997  0.0008852
91 10000 0.997  0.0013386
92 10000 0.997  0.0010864
93 10000 0.997  0.0008753
94 10000 0.997  0.00085
95 10000 0.997  0.0008237
96 10000 0.997  0.0011739
97 10000 0.997  0.0008784
98 10000 0.997  0.0008734
99 10000 0.997  0.0008439
0 50000 -1  0.0041386
1 50000 -1  0.0046288
2 50000 -1  0.0047236
3 50000 -1  0.0055271
4 50000 -1  0.0050001
5 50000 -1  0.0060991
6 50000 -1  0.0056944
7 50000 -1  0.0060883
8 50000 -1  0.0047021
9 50000 -1  0.004871
10 50000 -1  0.004976
11 50000 -1  0.004492
12 50000 -1  0.0043761
13 50000 -1  0.0049001
14 50000 -1  0.0041756
15 50000 -1  0.004759
16 50000 -1  0.00427
17 50000 -1  0.004146
18 50000 -1  0.0053035
19 50000 -1  0.0046018
20 50000 -1  0.0043746
21 50000 -1  0.0044176
22 50000 -1  0.0043725
23 50000 -1  0.0045103
24 50000 -1  0.0045992
25 50000 -1  0.0048331
26 50000 -1  0.005131
27 50000 -1  0.0054125
28 50000 -1  0.0043024
29 50000 -1  0.0044727
30 50000 -1  0.0045395
31 50000 -1  0.0044978
32 50000 -1  0.0045267
33 50000 -1  0.0051019
34 50000 -1  0.0043681
35 50000 -1  0.0041974
36 50000 -1  0.0045803
37 50000 -1  0.0043574
38 50000 -1  0.0050092
39 50000 -1  0.0044218
40 50000 -1  0.0042188
41 50000 -1  0.0051338
42 50000 -1  0.0054529
43 50000 -1  0.0043047
44 50000 -1  0.0042157
45 50000 -1  0.0046577
46 50000 -1  0.0041369
47 50000 -1  0.0046853
48 50000 -1  0.0045982
49 50000 -1  0.0045719
50 50000 -1  0.0042091
51 50000 -1  0.0044584
52 50000 -1  0.0049565
53 50000 -1  0.0043659
54 50000 -1  0.0046956
55 50000 -1  0.0043381
56 50000 -1  0.0043739
57 50000 -1  0.0052243
58 50000 -1  0.0044026
59 50000 -1  0.0042937
60 50000 -1  0.0045952
61 50000 -1  0.004834
62 50000 -1  0.004612
63 50000 -1  0.0042681
64 50000 -1  0.0053891
65 50000 -1  0.0045715
66 50000 -1  0.0048936
67 50000 -1  0.0041992
68 50000 -1  0.0044191
69 50000 -1  0.0045001
70 50000 -1  0.0048903
71 50000 -1  0.0044282
72 50000 -1  0.0045474
73 50000 -1  0.0043703
74 50000 -1  0.0044367
75 50000 -1  0.0045012
76 50000 -1  0.0045949
77 50000 -1  0.0047134
78 50000 -1  0.0042776
79 50000 -1  0.0044924
80 50000 -1  0.0049315
81 50000 -1  0.0044019
82 50000 -1  0.0056451
83 50000 -1  0.0042619
84 50000 -1  0.0042809
85 50000 -1  0.0046624
86 50000 -1  0.0046037
87 50000 -1  0.0061509
88 50000 -1  0.0044213
89 50000 -1  0.0049491
90 50000 -1  0.004639
91 50000 -1  0.0042736
92 50000 -1  0.0042896
93 50000 -1  0.0043932
94 50000 -1  0.0044501
95 50000 -1  0.0047036
96 50000 -1  0.004635
97 50000 -1  0.0043724
98 50000 -1  0.0044378
99 50000 -1  0.0064171
0 50000 1  0.0074638
1 50000 1  0.0080559
2 50000 1  0.0084623
3 50000 1  0.0078174
4 50000 1  0.0080447
5 50000 1  0.0083666
6 50000 1  0.0083951
7 50000 1  0.0082686
8 50000 1  0.0085753
9 50000 1  0.0077499
10 50000 1  0.0072465
11 50000 1  0.0074739
12 50000 1  0.0076148
13 50000 1  0.0074061
14 50000 1  0.0073379
15 50000 1  0.0079499
16 50000 1  0.0072285
17 50000 1  0.0077318
18 50000 1  0.0073139
19 50000 1  0.0079579
20 50000 1  0.0084728
21 50000 1  0.0074999
22 50000 1  0.0082321
23 50000 1  0.0070747
24 50000 1  0.0075882
25 50000 1  0.0073478
26 50000 1  0.0082985
27 50000 1  0.0072095
28 50000 1  0.0075794
29 50000 1  0.007053
30 50000 1  0.0077139
31 50000 1  0.0071385
32 50000 1  0.0077347
33 50000 1  0.0084713
34 50000 1  0.0073015
35 50000 1  0.0082999
36 50000 1  0.0078282
37 50000 1  0.0072818
38 50000 1  0.0080327
39 50000 1  0.0073453
40 50000 1  0.0077526
41 50000 1  0.007785
42 50000 1  0.0071673
43 50000 1  0.0088994
44 50000 1  0.0073916
45 50000 1  0.0073189
46 50000 1  0.0076081
47 50000 1  0.0074032
48 50000 1  0.0071408
49 50000 1  0.0089632
50 50000 1  0.0080859
51 50000 1  0.0069416
52 50000 1  0.0077213
53 50000 1  0.0075276
54 50000 1  0.0079168
55 50000 1  0.0072705
56 50000 1  0.0075159
57 50000 1  0.0075058
58 50000 1  0.0084958
59 50000 1  0.0087231
60 50000 1  0.0072158
61 50000 1  0.0074149
62 50000 1  0.0072963
63 50000 1  0.0081165
64 50000 1  0.0073117
65 50000 1  0.0076687
66 50000 1  0.0072284
67 50000 1  0.0073884
68 50000 1  0.0070477
69 50000 1  0.0073824
70 50000 1  0.0076282
71 50000 1  0.0071556
72 50000 1  0.0080098
73 50000 1  0.0071932
74 50000 1  0.0077409
75 50000 1  0.0074149
76 50000 1  0.0073559
77 50000 1  0.0074163
78 50000 1  0.0086244
79 50000 1  0.0078733
80 50000 1  0.0076121
81 50000 1  0.0075856
82 50000 1  0.0076505
83 50000 1  0.0074664
84 50000 1  0.0074739
85 50000 1  0.008091
86 50000 1  0.0082103
87 50000 1  0.007082
88 50000 1  0.0073492
89 50000 1  0.007284
90 50000 1  0.0076418
91 50000 1  0.0088816
92 50000 1  0.0073134
93 50000 1  0.0077033
94 50000 1  0.00702
95 50000 1  0.0083718
96 50000 1  0.0095391
97 50000 1  0.0090143
98 50000 1  0.0086806
99 50000 1  0.0074816
0 50000 0.25  0.0069835
1 50000 0.25  0.0076355
2 50000 0.25  0.0078456
3 50000 0.25  0.007916
4 50000 0.25  0.0073106
5 50000 0.25  0.0108155
6 50000 0.25  0.0073415
7 50000 0.25  0.0075666
8 50000 0.25  0.0081647
9 50000 0.25  0.007109
10 50000 0.25  0.0070732
11 50000 0.25  0.0080918
12 50000 0.25  0.0071612
13 50000 0.25  0.007319
14 50000 0.25  0.0076582
15 50000 0.25  0.0070151
16 50000 0.25  0.0081643
17 50000 0.25  0.0074513
18 50000 0.25  0.007401
19 50000 0.25  0.0069959
20 50000 0.25  0.0071778
21 50000 0.25  0.0072045
22 50000 0.25  0.0078528
23 50000 0.25  0.0074061
24 50000 0.25  0.0072427
25 50000 0.25  0.0077011
26 50000 0.25  0.0073135
27 50000 0.25  0.0071877
28 50000 0.25  0.0075156
29 50000 0.25  0.0079269
30 50000 0.25  0.0072392
31 50000 0.25  0.007021
32 50000 0.25  0.0068521
33 50000 0.25  0.0073664
34 50000 0.25  0.0073444
35 50000 0.25  0.0078776
36 50000 0.25  0.0073289
37 50000 0.25  0.0068709
38 50000 0.25  0.0084119
39 50000 0.25  0.0070553
40 50000 0.25  0.0079152
41 50000 0.25  0.0085235
42 50000 0.25  0.0082095
43 50000 0.25  0.0073357
44 50000 0.25  0.0078358
45 50000 0.25  0.0081997
46 50000 0.25  0.006834
47 50000 0.25  0.0076209
48 50000 0.25  0.0078748
49 50000 0.25  0.0078054
50 50000 0.25  0.0076378
51 50000 0.25  0.007358
52 50000 0.25  0.0072515
53 50000 0.25  0.0080851
54 50000 0.25  0.0074371
55 50000 0.25  0.0075655
56 50000 0.25  0.0076092
57 50000 0.25  0.0075432
58 50000 0.25  0.0078091
59 50000 0.25  0.0079283
60 50000 0.25  0.0073103
61 50000 0.25  0.0080147
62 50000 0.25  0.0077384
63 50000 0.25  0.0075243
64 50000 0.25  0.0075421
65 50000 0.25  0.0074353
66 50000 0.25  0.0082893
67 50000 0.25  0.0075057
68 50000 0.25  0.0072921
69 50000 0.25  0.0088543
70 50000 0.25  0.0074956
71 50000 0.25  0.0082517
72 50000 0.25  0.0081085
73 50000 0.25  0.0076651
74 50000 0.25  0.0078058
75 50000 0.25  0.0076121
76 50000 0.25  0.0085614
77 50000 0.25  0.0071936
78 50000 0.25  0.0074988
79 50000 0.25  0.0068342
80 50000 0.25  0.006971
81 50000 0.25  0.008389
82 50000 0.25  0.0073346
83 50000 0.25  0.0077727
84 50000 0.25  0.0080527
85 50000 0.25  0.0075356
86 50000 0.25  0.0070247
87 50000 0.25  0.0071767
88 50000 0.25  0.0070816
89 50000 0.25  0.0081272
90 50000 0.25  0.0070569
91 50000 0.25  0.0076005
92 50000 0.25  0.007354
93 50000 0.25  0.0073277
94 50000 0.25  0.0070097
95 50000 0.25  0.0074496
96 50000 0.25  0.0069882
97 50000 0.25  0.0071432
98 50000 0.25  0.0082525
99 50000 0.25  0.0073073
0 50000 0.5  0.0242193
1 50000 0.5  0.0202903
2 50000 0.5  0.0095822
3 50000 0.5  0.0080603
4 50000 0.5  0.0223752
5 50000 0.5  0.0376306
6 50000 0.5  0.0079328
7 50000 0.5  0.0101704
8 50000 0.5  0.0081019
9 50000 0.5  0.0160566
10 50000 0.5  0.0088491
11 50000 0.5  0.0069795
12 50000 0.5  0.0090913
13 50000 0.5  0.0075377
14 50000 0.5  0.0227873
15 50000 0.5  0.010601
16 50000 0.5  0.0421103
17 50000 0.5  0.0110306
18 50000 0.5  0.0450994
19 50000 0.5  0.0241807
20 50000 0.5  0.0076257
21 50000 0.5  0.0072223
22 50000 0.5  0.0090059
23 50000 0.5  0.0076928
24 50000 0.5  0.0194466
25 50000 0.5  0.0075317
26 50000 0.5  0.0324908
27 50000 0.5  0.0112947
28 50000 0.5  0.0095622
29 50000 0.5  0.0446272
30 50000 0.5  0.0081045
31 50000 0.5  0.0084254
32 50000 0.5  0.00713
33 50000 0.5  0.0092601
34 50000 0.5  0.0094166
35 50000 0.5  0.009325
36 50000 0.5  0.0086536
37 50000 0.5  0.0072551
38 50000 0.5  0.0075276
39 50000 0.5  0.0113728
40 50000 0.5  0.0087971
41 50000 0.5  0.0095552
42 50000 0.5  0.0079517
43 50000 0.5  0.0082402
44 50000 0.5  0.0098264
45 50000 0.5  0.0313856
46 50000 0.5  0.0084933
47 50000 0.5  0.0180757
48 50000 0.5  0.0077514
49 50000 0.5  0.0164481
50 50000 0.5  0.0068832
51 50000 0.5  0.0073751
52 50000 0.5  0.0084947
53 50000 0.5  0.0088372
54 50000 0.5  0.0226984
55 50000 0.5  0.0169561
56 50000 0.5  0.0070987
57 50000 0.5  0.0102411
58 50000 0.5  0.0100948
59 50000 0.5  0.0068756
60 50000 0.5  0.0113913
61 50000 0.5  0.0094819
62 50000 0.5  0.0098724
63 50000 0.5  0.0254479
64 50000 0.5  0.0152863
65 50000 0.5  0.0081395
66 50000 0.5  0.0070787
67 50000 0.5  0.0072698
68 50000 0.5  0.0105583
69 50000 0.5  0.0205496
70 50000 0.5  0.0544431
71 50000 0.5  0.0199968
72 50000 0.5  0.0175901
73 50000 0.5  0.0092937
74 50000 0.5  0.0413247
75 50000 0.5  0.0288055
76 50000 0.5  0.009491
77 50000 0.5  0.011263
78 50000 0.5  0.0108618
79 50000 0.5  0.0072577
80 50000 0.5  0.0073245
81 50000 0.5  0.0079138
82 50000 0.5  0.0090862
83 50000 0.5  0.0125068
84 50000 0.5  0.0155271
85 50000 0.5  0.0082222
86 50000 0.5  0.0476919
87 50000 0.5  0.0088405
88 50000 0.5  0.0203659
89 50000 0.5  0.0193696
90 50000 0.5  0.007284
91 50000 0.5  0.0082603
92 50000 0.5  0.0181045
93 50000 0.5  0.0081133
94 50000 0.5  0.0154862
95 50000 0.5  0.0102947
96 50000 0.5  0.021818
97 50000 0.5  0.0260206
98 50000 0.5  0.0075185
99 50000 0.5  0.0127486
0 50000 0.75  0.0068096
1 50000 0.75  0.0060135
2 50000 0.75  0.0059358
3 50000 0.75  0.0061652
4 50000 0.75  0.0071938
5 50000 0.75  0.0061422
6 50000 0.75  0.0066082
7 50000 0.75  0.0072377
8 50000 0.75  0.0063748
9 50000 0.75  0.0060706
10 50000 0.75  0.0064179
11 50000 0.75  0.0069269
12 50000 0.75  0.0064887
13 50000 0.75  0.0059486
14 50000 0.75  0.0065356
15 50000 0.75  0.0070783
16 50000 0.75  0.0065157
17 50000 0.75  0.00607
18 50000 0.75  0.0073314
19 50000 0.75  0.0067443
20 50000 0.75  0.0063475
21 50000 0.75  0.0065878
22 50000 0.75  0.0061965
23 50000 0.75  0.0070779
24 50000 0.75  0.0066775
25 50000 0.75  0.0061743
26 50000 0.75  0.0065755
27 50000 0.75  0.0060073
28 50000 0.75  0.0069062
29 50000 0.75  0.0058807
30 50000 0.75  0.0072314
31 50000 0.75  0.0060579
32 50000 0.75  0.007036
33 50000 0.75  0.0063383
34 50000 0.75  0.0063909
35 50000 0.75  0.0064252
36 50000 0.75  0.0070295
37 50000 0.75  0.0062597
38 50000 0.75  0.0060677
39 50000 0.75  0.0061349
40 50000 0.75  0.007066
41 50000 0.75  0.005973
42 50000 0.75  0.0060025
43 50000 0.75  0.0060123
44 50000 0.75  0.006562
45 50000 0.75  0.0085724
46 50000 0.75  0.0060619
47 50000 0.75  0.007086
48 50000 0.75  0.00588
49 50000 0.75  0.0058151
50 50000 0.75  0.0061242
51 50000 0.75  0.0068901
52 50000 0.75  0.0061906
53 50000 0.75  0.0064963
54 50000 0.75  0.0060262
55 50000 0.75  0.0059977
56 50000 0.75  0.0059832
57 50000 0.75  0.007582
58 50000 0.75  0.00659
59 50000 0.75  0.0060985
60 50000 0.75  0.0064153
61 50000 0.75  0.0063011
62 50000 0.75  0.007269
63 50000 0.75  0.0064856
64 50000 0.75  0.0062574
65 50000 0.75  0.0062082
66 50000 0.75  0.0064416
67 50000 0.75  0.0060496
68 50000 0.75  0.005826
69 50000 0.75  0.0067735
70 50000 0.75  0.0063617
71 50000 0.75  0.0058412
72 50000 0.75  0.005733
73 50000 0.75  0.0060926
74 50000 0.75  0.0067027
75 50000 0.75  0.0063675
76 50000 0.75  0.006617
77 50000 0.75  0.0069893
78 50000 0.75  0.0062355
79 50000 0.75  0.006458
80 50000 0.75  0.0073048
81 50000 0.75  0.0069502
82 50000 0.75  0.0070649
83 50000 0.75  0.0068727
84 50000 0.75  0.007292
85 50000 0.75  0.0089169
86 50000 0.75  0.0066804
87 50000 0.75  0.0067435
88 50000 0.75  0.0066845
89 50000 0.75  0.0072508
90 50000 0.75  0.0059938
91 50000 0.75  0.0059354
92 50000 0.75  0.0073236
93 50000 0.75  0.0061353
94 50000 0.75  0.0065046
95 50000 0.75  0.0068685
96 50000 0.75  0.0061834
97 50000 0.75  0.0060146
98 50000 0.75  0.0070389
99 50000 0.75  0.0059504
0 50000 0.95  0.0053808
1 50000 0.95  0.0458584
2 50000 0.95  0.0106302
3 50000 0.95  0.0087722
4 50000 0.95  0.0078241
5 50000 0.95  0.0079221
6 50000 0.95  0.006776
7 50000 0.95  0.0054249
8 50000 0.95  0.0060593
9 50000 0.95  0.0059988
10 50000 0.95  0.0069065
11 50000 0.95  0.0066276
12 50000 0.95  0.0063858
13 50000 0.95  0.00839
14 50000 0.95  0.0077951
15 50000 0.95  0.0059362
16 50000 0.95  0.0066709
17 50000 0.95  0.0062224
18 50000 0.95  0.0065907
19 50000 0.95  0.0057603
20 50000 0.95  0.0076166
21 50000 0.95  0.0058362
22 50000 0.95  0.0054689
23 50000 0.95  0.0058369
24 50000 0.95  0.0058126
25 50000 0.95  0.0053851
26 50000 0.95  0.0055941
27 50000 0.95  0.0057625
28 50000 0.95  0.0054712
29 50000 0.95  0.0058165
30 50000 0.95  0.0059427
31 50000 0.95  0.0065451
32 50000 0.95  0.0068474
33 50000 0.95  0.0059483
34 50000 0.95  0.0056213
35 50000 0.95  0.0054318
36 50000 0.95  0.0063092
37 50000 0.95  0.006989
38 50000 0.95  0.0062916
39 50000 0.95  0.0078814
40 50000 0.95  0.0068311
41 50000 0.95  0.0074207
42 50000 0.95  0.0067154
43 50000 0.95  0.0061255
44 50000 0.95  0.0066071
45 50000 0.95  0.0063826
46 50000 0.95  0.0060812
47 50000 0.95  0.0069503
48 50000 0.95  0.00607
49 50000 0.95  0.005998
50 50000 0.95  0.0059518
51 50000 0.95  0.0059671
52 50000 0.95  0.0065068
53 50000 0.95  0.0061906
54 50000 0.95  0.0063636
55 50000 0.95  0.0060711
56 50000 0.95  0.0064587
57 50000 0.95  0.0072147
58 50000 0.95  0.0074721
59 50000 0.95  0.0061454
60 50000 0.95  0.0058792
61 50000 0.95  0.0067817
62 50000 0.95  0.0052429
63 50000 0.95  0.0058617
64 50000 0.95  0.005644
65 50000 0.95  0.0056652
66 50000 0.95  0.0066324
67 50000 0.95  0.0064631
68 50000 0.95  0.0054014
69 50000 0.95  0.0065875
70 50000 0.95  0.0062259
71 50000 0.95  0.0061973
72 50000 0.95  0.0055033
73 50000 0.95  0.005954
74 50000 0.95  0.0058037
75 50000 0.95  0.0061542
76 50000 0.95  0.0059205
77 50000 0.95  0.0055149
78 50000 0.95  0.0062392
79 50000 0.95  0.0057524
80 50000 0.95  0.0057305
81 50000 0.95  0.0064113
82 50000 0.95  0.0059128
83 50000 0.95  0.0054917
84 50000 0.95  0.0073974
85 50000 0.95  0.0061334
86 50000 0.95  0.0062637
87 50000 0.95  0.0054373
88 50000 0.95  0.0060379
89 50000 0.95  0.0061188
90 50000 0.95  0.0071291
91 50000 0.95  0.0070272
92 50000 0.95  0.0070583
93 50000 0.95  0.0060452
94 50000 0.95  0.0070884
95 50000 0.95  0.007206
96 50000 0.95  0.0083153
97 50000 0.95  0.0072217
98 50000 0.95  0.0066725
99 50000 0.95  0.0075254
0 50000 0.99  0.0056521
1 50000 0.99  0.006675
2 50000 0.99  0.0052601
3 50000 0.99  0.0057526
4 50000 0.99  0.0051572
5 50000 0.99  0.0052079
6 50000 0.99  0.0049632
7 50000 0.99  0.0059755
8 50000 0.99  0.0079197
9 50000 0.99  0.0056178
10 50000 0.99  0.0054661
11 50000 0.99  0.0055259
12 50000 0.99  0.0059223
13 50000 0.99  0.0059325
14 50000 0.99  0.005814
15 50000 0.99  0.0055536
16 50000 0.99  0.0058307
17 50000 0.99  0.0053373
18 50000 0.99  0.0051999
19 50000 0.99  0.0056623
20 50000 0.99  0.0056331
21 50000 0.99  0.0053494
22 50000 0.99  0.0060058
23 50000 0.99  0.0049986
24 50000 0.99  0.0051983
25 50000 0.99  0.0051502
26 50000 0.99  0.0050689
27 50000 0.99  0.0051065
28 50000 0.99  0.0048833
29 50000 0.99  0.0062589
30 50000 0.99  0.0048418
31 50000 0.99  0.0062352
32 50000 0.99  0.0059135
33 50000 0.99  0.0056849
34 50000 0.99  0.0048808
35 50000 0.99  0.0056266
36 50000 0.99  0.0049894
37 50000 0.99  0.0047083
38 50000 0.99  0.0057166
39 50000 0.99  0.0048367
40 50000 0.99  0.0055891
41 50000 0.99  0.0049544
42 50000 0.99  0.0052998
43 50000 0.99  0.0049005
44 50000 0.99  0.0053938
45 50000 0.99  0.0054617
46 50000 0.99  0.005029
47 50000 0.99  0.0061363
48 50000 0.99  0.0049756
49 50000 0.99  0.0054373
50 50000 0.99  0.0052178
51 50000 0.99  0.0051635
52 50000 0.99  0.0053513
53 50000 0.99  0.0052412
54 50000 0.99  0.0048921
55 50000 0.99  0.0048446
56 50000 0.99  0.0056513
57 50000 0.99  0.0049159
58 50000 0.99  0.0051062
59 50000 0.99  0.0047966
60 50000 0.99  0.0047648
61 50000 0.99  0.005562
62 50000 0.99  0.0054183
63 50000 0.99  0.0059063
64 50000 0.99  0.0050238
65 50000 0.99  0.0059084
66 50000 0.99  0.0048865
67 50000 0.99  0.0049961
68 50000 0.99  0.0063646
69 50000 0.99  0.0050153
70 50000 0.99  0.0057703
71 50000 0.99  0.0055026
72 50000 0.99  0.005644
73 50000 0.99  0.0068796
74 50000 0.99  0.0059583
75 50000 0.99  0.0062257
76 50000 0.99  0.006233
77 50000 0.99  0.0049173
78 50000 0.99  0.0058398
79 50000 0.99  0.0056225
80 50000 0.99  0.0047707
81 50000 0.99  0.0049614
82 50000 0.99  0.0055426
83 50000 0.99  0.0060747
84 50000 0.99  0.0047557
85 50000 0.99  0.00578
86 50000 0.99  0.0047853
87 50000 0.99  0.0048119
88 50000 0.99  0.0053192
89 50000 0.99  0.005286
90 50000 0.99  0.0052282
91 50000 0.99  0.0047378
92 50000 0.99  0.0055667
93 50000 0.99  0.0059798
94 50000 0.99  0.0057021
95 50000 0.99  0.00529
96 50000 0.99  0.0062152
97 50000 0.99  0.0062615
98 50000 0.99  0.0064901
99 50000 0.99  0.00507
0 50000 0.997  0.0060332
1 50000 0.997  0.0049066
2 50000 0.997  0.0053618
3 50000 0.997  0.0054898
4 50000 0.997  0.0061524
5 50000 0.997  0.0057188
6 50000 0.997  0.0067336
7 50000 0.997  0.0059098
8 50000 0.997  0.0056437
9 50000 0.997  0.0053936
10 50000 0.997  0.0085508
11 50000 0.997  0.0056619
12 50000 0.997  0.005276
13 50000 0.997  0.0061064
14 50000 0.997  0.0048023
15 50000 0.997  0.0049624
16 50000 0.997  0.004807
17 50000 0.997  0.005926
18 50000 0.997  0.006873
19 50000 0.997  0.0072216
20 50000 0.997  0.0061815
21 50000 0.997  0.0062362
22 50000 0.997  0.0063099
23 50000 0.997  0.0049782
24 50000 0.997  0.0049639
25 50000 0.997  0.0048043
26 50000 0.997  0.0049978
27 50000 0.997  0.0047866
28 50000 0.997  0.0047075
29 50000 0.997  0.0055368
30 50000 0.997  0.0046649
31 50000 0.997  0.0052491
32 50000 0.997  0.0049493
33 50000 0.997  0.0049366
34 50000 0.997  0.0053556
35 50000 0.997  0.0046496
36 50000 0.997  0.0055566
37 50000 0.997  0.0046103
38 50000 0.997  0.0046587
39 50000 0.997  0.0049205
40 50000 0.997  0.0051339
41 50000 0.997  0.0063942
42 50000 0.997  0.0049847
43 50000 0.997  0.0053249
44 50000 0.997  0.0050039
45 50000 0.997  0.0050685
46 50000 0.997  0.0050446
47 50000 0.997  0.0052174
48 50000 0.997  0.0052451
49 50000 0.997  0.0054354
50 50000 0.997  0.0062702
51 50000 0.997  0.0063905
52 50000 0.997  0.006063
53 50000 0.997  0.0072935
54 50000 0.997  0.0063356
55 50000 0.997  0.0058687
56 50000 0.997  0.0060757
57 50000 0.997  0.0061316
58 50000 0.997  0.0065605
59 50000 0.997  0.0066293
60 50000 0.997  0.0058132
61 50000 0.997  0.0061174
62 50000 0.997  0.0055036
63 50000 0.997  0.0065218
64 50000 0.997  0.0057597
65 50000 0.997  0.0062293
66 50000 0.997  0.0054906
67 50000 0.997  0.0061943
68 50000 0.997  0.0059426
69 50000 0.997  0.0058439
70 50000 0.997  0.0059033
71 50000 0.997  0.0056489
72 50000 0.997  0.0058345
73 50000 0.997  0.0057596
74 50000 0.997  0.005334
75 50000 0.997  0.004756
76 50000 0.997  0.0048975
77 50000 0.997  0.0050233
78 50000 0.997  0.0053414
79 50000 0.997  0.0046533
80 50000 0.997  0.0053129
81 50000 0.997  0.0047984
82 50000 0.997  0.0045817
83 50000 0.997  0.0049246
84 50000 0.997  0.004841
85 50000 0.997  0.0051482
86 50000 0.997  0.0055887
87 50000 0.997  0.0053967
88 50000 0.997  0.0054931
89 50000 0.997  0.0051696
90 50000 0.997  0.0060777
91 50000 0.997  0.0066578
92 50000 0.997  0.0056671
93 50000 0.997  0.0055608
94 50000 0.997  0.0068336
95 50000 0.997  0.0060685
96 50000 0.997  0.0059591
97 50000 0.997  0.0061998
98 50000 0.997  0.0060062
99 50000 0.997  0.0057494
0 100000 -1  0.0103873
1 100000 -1  0.0127285
2 100000 -1  0.0103228
3 100000 -1  0.0112129
4 100000 -1  0.0111225
5 100000 -1  0.0128908
6 100000 -1  0.0119807
7 100000 -1  0.010993
8 100000 -1  0.0091526
9 100000 -1  0.0101631
10 100000 -1  0.0092383
11 100000 -1  0.0098852
12 100000 -1  0.0102608
13 100000 -1  0.0104847
14 100000 -1  0.0098779
15 100000 -1  0.0097835
16 100000 -1  0.0090925
17 100000 -1  0.0093391
18 100000 -1  0.0093947
19 100000 -1  0.0097728
20 100000 -1  0.011484
21 100000 -1  0.0112833
22 100000 -1  0.0099814
23 100000 -1  0.0104489
24 100000 -1  0.0101933
25 100000 -1  0.0126604
26 100000 -1  0.0139611
27 100000 -1  0.0143298
28 100000 -1  0.01247
29 100000 -1  0.0145913
30 100000 -1  0.0188087
31 100000 -1  0.0122245
32 100000 -1  0.0121443
33 100000 -1  0.0100832
34 100000 -1  0.0123617
35 100000 -1  0.012463
36 100000 -1  0.0133664
37 100000 -1  0.011442
38 100000 -1  0.0128707
39 100000 -1  0.01396
40 100000 -1  0.0135512
41 100000 -1  0.011589
42 100000 -1  0.0095734
43 100000 -1  0.0096897
44 100000 -1  0.0098699
45 100000 -1  0.0106045
46 100000 -1  0.0101648
47 100000 -1  0.0093148
48 100000 -1  0.0097893
49 100000 -1  0.0100584
50 100000 -1  0.0101587
51 100000 -1  0.011027
52 100000 -1  0.0092755
53 100000 -1  0.0100416
54 100000 -1  0.0100266
55 100000 -1  0.0102523
56 100000 -1  0.0094001
57 100000 -1  0.0103745
58 100000 -1  0.0110876
59 100000 -1  0.0102364
60 100000 -1  0.0101298
61 100000 -1  0.0113894
62 100000 -1  0.0104391
63 100000 -1  0.0159698
64 100000 -1  0.0109584
65 100000 -1  0.0101847
66 100000 -1  0.0099424
67 100000 -1  0.0109518
68 100000 -1  0.0104446
69 100000 -1  0.0101196
70 100000 -1  0.0089501
71 100000 -1  0.0104278
72 100000 -1  0.0103768
73 100000 -1  0.0098152
74 100000 -1  0.0089655
75 100000 -1  0.0119934
76 100000 -1  0.0113932
77 100000 -1  0.0100638
78 100000 -1  0.0090704
79 100000 -1  0.0107353
80 100000 -1  0.0102542
81 100000 -1  0.0103133
82 100000 -1  0.0110175
83 100000 -1  0.010756
84 100000 -1  0.0102586
85 100000 -1  0.0123847
86 100000 -1  0.0093597
87 100000 -1  0.0106969
88 100000 -1  0.0097445
89 100000 -1  0.0101033
90 100000 -1  0.0106105
91 100000 -1  0.0114577
92 100000 -1  0.010124
93 100000 -1  0.0110021
94 100000 -1  0.0115809
95 100000 -1  0.0093426
96 100000 -1  0.0101944
97 100000 -1  0.0103265
98 100000 -1  0.0111284
99 100000 -1  0.0096824
0 100000 1  0.0187719
1 100000 1  0.0171061
2 100000 1  0.0181056
3 100000 1  0.0162068
4 100000 1  0.0162812
5 100000 1  0.0161426
6 100000 1  0.0171878
7 100000 1  0.019041
8 100000 1  0.0173164
9 100000 1  0.0185506
10 100000 1  0.0162658
11 100000 1  0.0168899
12 100000 1  0.0168161
13 100000 1  0.019324
14 100000 1  0.0166045
15 100000 1  0.0170507
16 100000 1  0.0180134
17 100000 1  0.018326
18 100000 1  0.018091
19 100000 1  0.0203885
20 100000 1  0.0210128
21 100000 1  0.018044
22 100000 1  0.0178871
23 100000 1  0.0177323
24 100000 1  0.0178726
25 100000 1  0.0187572
26 100000 1  0.0177297
27 100000 1  0.0168909
28 100000 1  0.0165306
29 100000 1  0.0166455
30 100000 1  0.0160096
31 100000 1  0.0165197
32 100000 1  0.0169799
33 100000 1  0.0176559
34 100000 1  0.0176447
35 100000 1  0.0178905
36 100000 1  0.0175681
37 100000 1  0.017314
38 100000 1  0.0180514
39 100000 1  0.0176833
40 100000 1  0.0174671
41 100000 1  0.0161266
42 100000 1  0.0177228
43 100000 1  0.0195946
44 100000 1  0.0171896
45 100000 1  0.0192937
46 100000 1  0.020227
47 100000 1  0.0181659
48 100000 1  0.0157786
49 100000 1  0.0185571
50 100000 1  0.0179116
51 100000 1  0.0179106
52 100000 1  0.0202776
53 100000 1  0.0187573
54 100000 1  0.0169464
55 100000 1  0.0171655
56 100000 1  0.0196191
57 100000 1  0.0163239
58 100000 1  0.0152266
59 100000 1  0.0161451
60 100000 1  0.0179387
61 100000 1  0.0155142
62 100000 1  0.0164749
63 100000 1  0.015318
64 100000 1  0.0165015
65 100000 1  0.0180779
66 100000 1  0.017493
67 100000 1  0.0186122
68 100000 1  0.0193298
69 100000 1  0.0188405
70 100000 1  0.0191176
71 100000 1  0.0166604
72 100000 1  0.0165225
73 100000 1  0.0158236
74 100000 1  0.0163336
75 100000 1  0.0152823
76 100000 1  0.016736
77 100000 1  0.0161868
78 100000 1  0.0172387
79 100000 1  0.0160933
80 100000 1  0.0170529
81 100000 1  0.0155649
82 100000 1  0.0158536
83 100000 1  0.016857
84 100000 1  0.016376
85 100000 1  0.01617
86 100000 1  0.0164405
87 100000 1  0.0164792
88 100000 1  0.0162982
89 100000 1  0.016981
90 100000 1  0.0164136
91 100000 1  0.016799
92 100000 1  0.0162756
93 100000 1  0.0161233
94 100000 1  0.0159749
95 100000 1  0.01998
96 100000 1  0.0168915
97 100000 1  0.0154905
98 100000 1  0.0185739
99 100000 1  0.0171688
0 100000 0.25  0.0162644
1 100000 0.25  0.017094
2 100000 0.25  0.0192707
3 100000 0.25  0.0175866
4 100000 0.25  0.0193791
5 100000 0.25  0.0189109
6 100000 0.25  0.0180824
7 100000 0.25  0.0180772
8 100000 0.25  0.0169154
9 100000 0.25  0.0162947
10 100000 0.25  0.0164767
11 100000 0.25  0.0182861
12 100000 0.25  0.0154268
13 100000 0.25  0.0186604
14 100000 0.25  0.0182737
15 100000 0.25  0.0158275
16 100000 0.25  0.0176355
17 100000 0.25  0.0180958
18 100000 0.25  0.0169044
19 100000 0.25  0.0188664
20 100000 0.25  0.0246019
21 100000 0.25  0.0199338
22 100000 0.25  0.0166655
23 100000 0.25  0.0174088
24 100000 0.25  0.0157323
25 100000 0.25  0.0163468
26 100000 0.25  0.0168545
27 100000 0.25  0.016749
28 100000 0.25  0.0173318
29 100000 0.25  0.0196865
30 100000 0.25  0.016679
31 100000 0.25  0.0166211
32 100000 0.25  0.0180171
33 100000 0.25  0.0202623
34 100000 0.25  0.0173777
35 100000 0.25  0.0177577
36 100000 0.25  0.0160412
37 100000 0.25  0.0159078
38 100000 0.25  0.015599
39 100000 0.25  0.0169733
40 100000 0.25  0.0182869
41 100000 0.25  0.0187781
42 100000 0.25  0.0180818
43 100000 0.25  0.018649
44 100000 0.25  0.0180386
45 100000 0.25  0.0173895
46 100000 0.25  0.0190476
47 100000 0.25  0.0171302
48 100000 0.25  0.0164817
49 100000 0.25  0.0184185
50 100000 0.25  0.0182603
51 100000 0.25  0.0172694
52 100000 0.25  0.0181819
53 100000 0.25  0.0188167
54 100000 0.25  0.0223542
55 100000 0.25  0.017268
56 100000 0.25  0.0185574
57 100000 0.25  0.0166571
58 100000 0.25  0.0206631
59 100000 0.25  0.0155005
60 100000 0.25  0.0164526
61 100000 0.25  0.016675
62 100000 0.25  0.0155906
63 100000 0.25  0.0159552
64 100000 0.25  0.0152604
65 100000 0.25  0.0162757
66 100000 0.25  0.019704
67 100000 0.25  0.0193769
68 100000 0.25  0.0193933
69 100000 0.25  0.0170655
70 100000 0.25  0.0172563
71 100000 0.25  0.017241
72 100000 0.25  0.0154807
73 100000 0.25  0.0153746
74 100000 0.25  0.0160231
75 100000 0.25  0.01811
76 100000 0.25  0.0204524
77 100000 0.25  0.0189415
78 100000 0.25  0.0173968
79 100000 0.25  0.0198725
80 100000 0.25  0.0175842
81 100000 0.25  0.0165781
82 100000 0.25  0.0163071
83 100000 0.25  0.0156504
84 100000 0.25  0.0158891
85 100000 0.25  0.0164737
86 100000 0.25  0.0173248
87 100000 0.25  0.0163731
88 100000 0.25  0.0167592
89 100000 0.25  0.0171561
90 100000 0.25  0.0193352
91 100000 0.25  0.0179502
92 100000 0.25  0.019095
93 100000 0.25  0.0154666
94 100000 0.25  0.0172421
95 100000 0.25  0.0165871
96 100000 0.25  0.0175991
97 100000 0.25  0.0168173
98 100000 0.25  0.018517
99 100000 0.25  0.0171837
0 100000 0.5  0.117157
1 100000 0.5  0.0179197
2 100000 0.5  0.0355655
3 100000 0.5  0.0172564
4 100000 0.5  0.0962568
5 100000 0.5  0.0902934
6 100000 0.5  0.0162897
7 100000 0.5  0.0831519
8 100000 0.5  0.0914961
9 100000 0.5  0.113518
10 100000 0.5  0.0710055
11 100000 0.5  0.0478096
12 100000 0.5  0.111341
13 100000 0.5  0.0450363
14 100000 0.5  0.0190311
15 100000 0.5  0.0186855
16 100000 0.5  0.0468273
17 100000 0.5  0.0444609
18 100000 0.5  0.213523
19 100000 0.5  0.0197149
20 100000 0.5  0.016093
21 100000 0.5  0.202761
22 100000 0.5  0.017989
23 100000 0.5  0.0708592
24 100000 0.5  0.14493
25 100000 0.5  0.049547
26 100000 0.5  0.0206649
27 100000 0.5  0.0254174
28 100000 0.5  0.0379563
29 100000 0.5  0.0869078
30 100000 0.5  0.0171815
31 100000 0.5  0.0237953
32 100000 0.5  0.0535128
33 100000 0.5  0.0242687
34 100000 0.5  0.0614754
35 100000 0.5  0.0199768
36 100000 0.5  0.0223124
37 100000 0.5  0.0682092
38 100000 0.5  0.026472
39 100000 0.5  0.0241715
40 100000 0.5  0.0219004
41 100000 0.5  0.0713894
42 100000 0.5  0.0176487
43 100000 0.5  0.0235225
44 100000 0.5  0.0177509
45 100000 0.5  0.033182
46 100000 0.5  0.0420056
47 100000 0.5  0.0187719
48 100000 0.5  0.0164015
49 100000 0.5  0.0187442
50 100000 0.5  0.0836494
51 100000 0.5  0.0162498
52 100000 0.5  0.0179996
53 100000 0.5  0.0545785
54 100000 0.5  0.0557458
55 100000 0.5  0.0175397
56 100000 0.5  0.0210935
57 100000 0.5  0.019142
58 100000 0.5  0.0376375
59 100000 0.5  0.0443931
60 100000 0.5  0.0298601
61 100000 0.5  0.021442
62 100000 0.5  0.179985
63 100000 0.5  0.0521941
64 100000 0.5  0.0188207
65 100000 0.5  0.0431019
66 100000 0.5  0.0353667
67 100000 0.5  0.0462865
68 100000 0.5  0.0276492
69 100000 0.5  0.05763
70 100000 0.5  0.0188708
71 100000 0.5  0.0183557
72 100000 0.5  0.0326817
73 100000 0.5  0.0561862
74 100000 0.5  0.0568638
75 100000 0.5  0.0166788
76 100000 0.5  0.0386579
77 100000 0.5  0.0986239
78 100000 0.5  0.0199873
79 100000 0.5  0.0192958
80 100000 0.5  0.0186347
81 100000 0.5  0.0174813
82 100000 0.5  0.0302609
83 100000 0.5  0.0709912
84 100000 0.5  0.0541561
85 100000 0.5  0.0174751
86 100000 0.5  0.0808549
87 100000 0.5  0.100335
88 100000 0.5  0.0810157
89 100000 0.5  0.0190483
90 100000 0.5  0.0195305
91 100000 0.5  0.026283
92 100000 0.5  0.0217924
93 100000 0.5  0.0231626
94 100000 0.5  0.0277716
95 100000 0.5  0.0204552
96 100000 0.5  0.0178248
97 100000 0.5  0.0157028
98 100000 0.5  0.0492315
99 100000 0.5  0.0192288
0 100000 0.75  0.0145821
1 100000 0.75  0.0152824
2 100000 0.75  0.0162446
3 100000 0.75  0.0179878
4 100000 0.75  0.0165251
5 100000 0.75  0.0161033
6 100000 0.75  0.0186028
7 100000 0.75  0.0153804
8 100000 0.75  0.0154497
9 100000 0.75  0.0171797
10 100000 0.75  0.0142051
11 100000 0.75  0.0143443
12 100000 0.75  0.0161487
13 100000 0.75  0.0141365
14 100000 0.75  0.0136234
15 100000 0.75  0.0133992
16 100000 0.75  0.0132402
17 100000 0.75  0.0146204
18 100000 0.75  0.0153049
19 100000 0.75  0.0129433
20 100000 0.75  0.0142711
21 100000 0.75  0.0136319
22 100000 0.75  0.0147776
23 100000 0.75  0.0131392
24 100000 0.75  0.0153932
25 100000 0.75  0.0153119
26 100000 0.75  0.0150848
27 100000 0.75  0.0160336
28 100000 0.75  0.0150095
29 100000 0.75  0.0170784
30 100000 0.75  0.0147177
31 100000 0.75  0.0148758
32 100000 0.75  0.0158112
33 100000 0.75  0.0163523
34 100000 0.75  0.0160098
35 100000 0.75  0.015169
36 100000 0.75  0.015886
37 100000 0.75  0.01349
38 100000 0.75  0.0154272
39 100000 0.75  0.0164107
40 100000 0.75  0.0151697
41 100000 0.75  0.0151529
42 100000 0.75  0.0145045
43 100000 0.75  0.0151737
44 100000 0.75  0.0159978
45 100000 0.75  0.0156952
46 100000 0.75  0.0153286
47 100000 0.75  0.0147164
48 100000 0.75  0.0130501
49 100000 0.75  0.0147522
50 100000 0.75  0.0133624
51 100000 0.75  0.0137375
52 100000 0.75  0.0137208
53 100000 0.75  0.0153148
54 100000 0.75  0.0141278
55 100000 0.75  0.014787
56 100000 0.75  0.0158592
57 100000 0.75  0.0145227
58 100000 0.75  0.0151872
59 100000 0.75  0.0145162
60 100000 0.75  0.0139523
61 100000 0.75  0.0152018
62 100000 0.75  0.0154479
63 100000 0.75  0.0149468
64 100000 0.75  0.0147221
65 100000 0.75  0.0155547
66 100000 0.75  0.0149457
67 100000 0.75  0.0167111
68 100000 0.75  0.0163243
69 100000 0.75  0.014969
70 100000 0.75  0.0163679
71 100000 0.75  0.0154136
72 100000 0.75  0.0160393
73 100000 0.75  0.0159804
74 100000 0.75  0.016003
75 100000 0.75  0.0141942
76 100000 0.75  0.0175676
77 100000 0.75  0.0162312
78 100000 0.75  0.0150578
79 100000 0.75  0.016714
80 100000 0.75  0.0155843
81 100000 0.75  0.0145753
82 100000 0.75  0.0142634
83 100000 0.75  0.0147652
84 100000 0.75  0.0138051
85 100000 0.75  0.0148596
86 100000 0.75  0.0144053
87 100000 0.75  0.0150694
88 100000 0.75  0.0137161
89 100000 0.75  0.0142652
90 100000 0.75  0.015589
91 100000 0.75  0.0145621
92 100000 0.75  0.0136323
93 100000 0.75  0.0140198
94 100000 0.75  0.0135604
95 100000 0.75  0.0154043
96 100000 0.75  0.014018
97 100000 0.75  0.0133269
98 100000 0.75  0.0138655
99 100000 0.75  0.0141278
0 100000 0.95  0.0119872
1 100000 0.95  0.0132573
2 100000 0.95  0.0140993
3 100000 0.95  0.0135389
4 100000 0.95  0.0137309
5 100000 0.95  0.0142441
6 100000 0.95  0.0133484
7 100000 0.95  0.0125433
8 100000 0.95  0.0142876
9 100000 0.95  0.012591
10 100000 0.95  0.0128508
11 100000 0.95  0.0141804
12 100000 0.95  0.0132683
13 100000 0.95  0.012822
14 100000 0.95  0.0129313
15 100000 0.95  0.0125786
16 100000 0.95  0.0119284
17 100000 0.95  0.0128635
18 100000 0.95  0.0126523
19 100000 0.95  0.0130311
20 100000 0.95  0.0127817
21 100000 0.95  0.0145585
22 100000 0.95  0.0133091
23 100000 0.95  0.0119886
24 100000 0.95  0.0139214
25 100000 0.95  0.0140505
26 100000 0.95  0.0129181
27 100000 0.95  0.0123368
28 100000 0.95  0.0123037
29 100000 0.95  0.0117512
30 100000 0.95  0.0124653
31 100000 0.95  0.0126198
32 100000 0.95  0.0132529
33 100000 0.95  0.0133183
34 100000 0.95  0.0130539
35 100000 0.95  0.0135017
36 100000 0.95  0.0127821
37 100000 0.95  0.0127358
38 100000 0.95  0.0124856
39 100000 0.95  0.0140006
40 100000 0.95  0.0121607
41 100000 0.95  0.0119755
42 100000 0.95  0.0132438
43 100000 0.95  0.0128066
44 100000 0.95  0.0131989
45 100000 0.95  0.0125977
46 100000 0.95  0.0125612
47 100000 0.95  0.0131563
48 100000 0.95  0.0133405
49 100000 0.95  0.0123478
50 100000 0.95  0.0124598
51 100000 0.95  0.0123245
52 100000 0.95  0.0132533
53 100000 0.95  0.0128865
54 100000 0.95  0.0123266
55 100000 0.95  0.0140902
56 100000 0.95  0.0128463
57 100000 0.95  0.0129007
58 100000 0.95  0.0127121
59 100000 0.95  0.013599
60 100000 0.95  0.0121776
61 100000 0.95  0.0140475
62 100000 0.95  0.0125017
63 100000 0.95  0.0120006
64 100000 0.95  0.0129918
65 100000 0.95  0.0130228
66 100000 0.95  0.0160012
67 100000 0.95  0.0129025
68 100000 0.95  0.013335
69 100000 0.95  0.0143549
70 100000 0.95  0.0138886
71 100000 0.95  0.0158869
72 100000 0.95  0.0141953
73 100000 0.95  0.0150687
74 100000 0.95  0.0140482
75 100000 0.95  0.0145472
76 100000 0.95  0.0125856
77 100000 0.95  0.0128306
78 100000 0.95  0.0141516
79 100000 0.95  0.0127767
80 100000 0.95  0.0125958
81 100000 0.95  0.0133813
82 100000 0.95  0.0134765
83 100000 0.95  0.012765
84 100000 0.95  0.0123934
85 100000 0.95  0.0118675
86 100000 0.95  0.014169
87 100000 0.95  0.011919
88 100000 0.95  0.0131673
89 100000 0.95  0.0141023
90 100000 0.95  0.0126254
91 100000 0.95  0.0128999
92 100000 0.95  0.0127525
93 100000 0.95  0.0132636
94 100000 0.95  0.0128146
95 100000 0.95  0.0130932
96 100000 0.95  0.0124201
97 100000 0.95  0.0120445
98 100000 0.95  0.0121914
99 100000 0.95  0.0141868
0 100000 0.99  0.0123048
1 100000 0.99  0.0141682
2 100000 0.99  0.0112425
3 100000 0.99  0.0122862
4 100000 0.99  0.0138156
5 100000 0.99  0.0132705
6 100000 0.99  0.013619
7 100000 0.99  0.011877
8 100000 0.99  0.0124904
9 100000 0.99  0.0113505
10 100000 0.99  0.0109916
11 100000 0.99  0.0110398
12 100000 0.99  0.0113048
13 100000 0.99  0.0117017
14 100000 0.99  0.01086
15 100000 0.99  0.0112743
16 100000 0.99  0.0112064
17 100000 0.99  0.0114708
18 100000 0.99  0.0116419
19 100000 0.99  0.0119751
20 100000 0.99  0.0103553
21 100000 0.99  0.0104774
22 100000 0.99  0.0125597
23 100000 0.99  0.010818
24 100000 0.99  0.0108833
25 100000 0.99  0.0116579
26 100000 0.99  0.0104818
27 100000 0.99  0.0124772
28 100000 0.99  0.0112557
29 100000 0.99  0.0113449
30 100000 0.99  0.0116229
31 100000 0.99  0.0110321
32 100000 0.99  0.0114886
33 100000 0.99  0.011943
34 100000 0.99  0.0112735
35 100000 0.99  0.0112279
36 100000 0.99  0.0110988
37 100000 0.99  0.0109143
38 100000 0.99  0.0107625
39 100000 0.99  0.0112297
40 100000 0.99  0.0112779
41 100000 0.99  0.0102568
42 100000 0.99  0.0123508
43 100000 0.99  0.011333
44 100000 0.99  0.0112716
45 100000 0.99  0.0126658
46 100000 0.99  0.010818
47 100000 0.99  0.0118337
48 100000 0.99  0.0115795
49 100000 0.99  0.0117424
50 100000 0.99  0.0111339
51 100000 0.99  0.012341
52 100000 0.99  0.0111791
53 100000 0.99  0.0112238
54 100000 0.99  0.0107694
55 100000 0.99  0.0117651
56 100000 0.99  0.0111302
57 100000 0.99  0.0111233
58 100000 0.99  0.0107721
59 100000 0.99  0.0115973
60 100000 0.99  0.0127541
61 100000 0.99  0.0114853
62 100000 0.99  0.0110441
63 100000 0.99  0.0129035
64 100000 0.99  0.0116338
65 100000 0.99  0.01124
66 100000 0.99  0.0108681
67 100000 0.99  0.0123365
68 100000 0.99  0.011318
69 100000 0.99  0.0109985
70 100000 0.99  0.0106127
71 100000 0.99  0.0119617
72 100000 0.99  0.0112141
73 100000 0.99  0.0121152
74 100000 0.99  0.0113847
75 100000 0.99  0.0105412
76 100000 0.99  0.0127738
77 100000 0.99  0.0121203
78 100000 0.99  0.0116072
79 100000 0.99  0.0124451
80 100000 0.99  0.0118814
81 100000 0.99  0.012207
82 100000 0.99  0.0122942
83 100000 0.99  0.0124004
84 100000 0.99  0.0126253
85 100000 0.99  0.0130396
86 100000 0.99  0.0113359
87 100000 0.99  0.0118964
88 100000 0.99  0.0115875
89 100000 0.99  0.0106112
90 100000 0.99  0.0111652
91 100000 0.99  0.0121516
92 100000 0.99  0.0121436
93 100000 0.99  0.0107499
94 100000 0.99  0.0107382
95 100000 0.99  0.0106314
96 100000 0.99  0.0106532
97 100000 0.99  0.0109697
98 100000 0.99  0.0127044
99 100000 0.99  0.0107648
0 100000 0.997  0.0100682
1 100000 0.997  0.0115755
2 100000 0.997  0.0124977
3 100000 0.997  0.0127121
4 100000 0.997  0.012521
5 100000 0.997  0.0129474
6 100000 0.997  0.0136142
7 100000 0.997  0.0108585
8 100000 0.997  0.0123464
9 100000 0.997  0.010962
10 100000 0.997  0.0109077
11 100000 0.997  0.0106065
12 100000 0.997  0.0103068
13 100000 0.997  0.0107159
14 100000 0.997  0.0106182
15 100000 0.997  0.0104001
16 100000 0.997  0.0098327
17 100000 0.997  0.0118479
18 100000 0.997  0.0104435
19 100000 0.997  0.0114274
20 100000 0.997  0.0103462
21 100000 0.997  0.0103859
22 100000 0.997  0.0111159
23 100000 0.997  0.0124981
24 100000 0.997  0.011628
25 100000 0.997  0.0107158
26 100000 0.997  0.0103712
27 100000 0.997  0.0120783
28 100000 0.997  0.0109084
29 100000 0.997  0.0109705
30 100000 0.997  0.0102163
31 100000 0.997  0.0106347
32 100000 0.997  0.0125618
33 100000 0.997  0.0109596
34 100000 0.997  0.0108651
35 100000 0.997  0.0103344
36 100000 0.997  0.0107729
37 100000 0.997  0.0102177
38 100000 0.997  0.0121083
39 100000 0.997  0.010805
40 100000 0.997  0.0107436
41 100000 0.997  0.0102681
42 100000 0.997  0.0122537
43 100000 0.997  0.0109018
44 100000 0.997  0.0108429
45 100000 0.997  0.0100474
46 100000 0.997  0.0099622
47 100000 0.997  0.012237
48 100000 0.997  0.0107203
49 100000 0.997  0.0108203
50 100000 0.997  0.0097731
51 100000 0.997  0.0114136
52 100000 0.997  0.0106254
53 100000 0.997  0.0110776
54 100000 0.997  0.0109001
55 100000 0.997  0.0100296
56 100000 0.997  0.0115627
57 100000 0.997  0.0104121
58 100000 0.997  0.0106928
59 100000 0.997  0.0102397
60 100000 0.997  0.0125101
61 100000 0.997  0.011096
62 100000 0.997  0.0110721
63 100000 0.997  0.010442
64 100000 0.997  0.0103273
65 100000 0.997  0.0109092
66 100000 0.997  0.0127322
67 100000 0.997  0.0103574
68 100000 0.997  0.0104515
69 100000 0.997  0.0099436
70 100000 0.997  0.0119479
71 100000 0.997  0.0112625
72 100000 0.997  0.0111984
73 100000 0.997  0.0100642
74 100000 0.997  0.0101372
75 100000 0.997  0.010407
76 100000 0.997  0.0110262
77 100000 0.997  0.0120082
78 100000 0.997  0.0107882
79 100000 0.997  0.0104737
80 100000 0.997  0.0132343
81 100000 0.997  0.0130174
82 100000 0.997  0.0113238
83 100000 0.997  0.0106044
84 100000 0.997  0.0122347
85 100000 0.997  0.01233
86 100000 0.997  0.011508
87 100000 0.997  0.0119802
88 100000 0.997  0.0118078
89 100000 0.997  0.0101595
90 100000 0.997  0.0117301
91 100000 0.997  0.0108807
92 100000 0.997  0.0116327
93 100000 0.997  0.0101529
94 100000 0.997  0.0102598
95 100000 0.997  0.0109613
96 100000 0.997  0.0116859
97 100000 0.997  0.0109252
98 100000 0.997  0.0106496
99 100000 0.997  0.0099242
0 500000 -1  0.0584815
1 500000 -1  0.05986
2 500000 -1  0.0562996
3 500000 -1  0.0547954
4 500000 -1  0.0566162
5 500000 -1  0.0569973
6 500000 -1  0.0560137
7 500000 -1  0.0566833
8 500000 -1  0.0556469
9 500000 -1  0.0546864
10 500000 -1  0.0552374
11 500000 -1  0.0557261
12 500000 -1  0.0560809
13 500000 -1  0.056509
14 500000 -1  0.0567249
15 500000 -1  0.056614
16 500000 -1  0.0561246
17 500000 -1  0.0590504
18 500000 -1  0.064903
19 500000 -1  0.0588071
20 500000 -1  0.0570728
21 500000 -1  0.0572978
22 500000 -1  0.0564702
23 500000 -1  0.0582598
24 500000 -1  0.0553924
25 500000 -1  0.0583528
26 500000 -1  0.0594362
27 500000 -1  0.0611119
28 500000 -1  0.0552703
29 500000 -1  0.0544121
30 500000 -1  0.055738
31 500000 -1  0.0560294
32 500000 -1  0.0561914
33 500000 -1  0.0556206
34 500000 -1  0.0567978
35 500000 -1  0.0560094
36 500000 -1  0.0546444
37 500000 -1  0.0603643
38 500000 -1  0.0575185
39 500000 -1  0.0591001
40 500000 -1  0.0561998
41 500000 -1  0.056549
42 500000 -1  0.0567554
43 500000 -1  0.0575151
44 500000 -1  0.0554037
45 500000 -1  0.0577378
46 500000 -1  0.056332
47 500000 -1  0.0545677
48 500000 -1  0.055904
49 500000 -1  0.0553567
50 500000 -1  0.0571045
51 500000 -1  0.066625
52 500000 -1  0.0565298
53 500000 -1  0.0552679
54 500000 -1  0.059066
55 500000 -1  0.0618788
56 500000 -1  0.0572282
57 500000 -1  0.0547324
58 500000 -1  0.0562974
59 500000 -1  0.0555728
60 500000 -1  0.0564704
61 500000 -1  0.0548522
62 500000 -1  0.0557443
63 500000 -1  0.0555542
64 500000 -1  0.0557596
65 500000 -1  0.0559296
66 500000 -1  0.0569808
67 500000 -1  0.056266
68 500000 -1  0.0650205
69 500000 -1  0.0611115
70 500000 -1  0.0570592
71 500000 -1  0.0564272
72 500000 -1  0.0565542
73 500000 -1  0.060819
74 500000 -1  0.0592889
75 500000 -1  0.0553829
76 500000 -1  0.056195
77 500000 -1  0.0559488
78 500000 -1  0.0565421
79 500000 -1  0.0545642
80 500000 -1  0.053992
81 500000 -1  0.056517
82 500000 -1  0.0555718
83 500000 -1  0.0565987
84 500000 -1  0.0556929
85 500000 -1  0.0582551
86 500000 -1  0.0583634
87 500000 -1  0.0556891
88 500000 -1  0.0559606
89 500000 -1  0.0568707
90 500000 -1  0.0578498
91 500000 -1  0.0579523
92 500000 -1  0.0587874
93 500000 -1  0.0567335
94 500000 -1  0.0552716
95 500000 -1  0.0578181
96 500000 -1  0.0572543
97 500000 -1  0.0548249
98 500000 -1  0.0562829
99 500000 -1  0.0545973
0 500000 1  0.090778
1 500000 1  0.104171
2 500000 1  0.0928738
3 500000 1  0.0934049
4 500000 1  0.0944857
5 500000 1  0.0937421
6 500000 1  0.091034
7 500000 1  0.0925496
8 500000 1  0.0936199
9 500000 1  0.0927239
10 500000 1  0.0917151
11 500000 1  0.092341
12 500000 1  0.0962153
13 500000 1  0.0941301
14 500000 1  0.101528
15 500000 1  0.0912087
16 500000 1  0.0914781
17 500000 1  0.0917761
18 500000 1  0.0925791
19 500000 1  0.0924891
20 500000 1  0.0940969
21 500000 1  0.0924675
22 500000 1  0.0919916
23 500000 1  0.0975645
24 500000 1  0.0945913
25 500000 1  0.0948733
26 500000 1  0.0914257
27 500000 1  0.0945162
28 500000 1  0.0933701
29 500000 1  0.0920149
30 500000 1  0.0889166
31 500000 1  0.0936359
32 500000 1  0.0933927
33 500000 1  0.0907404
34 500000 1  0.0907386
35 500000 1  0.101013
36 500000 1  0.0915573
37 500000 1  0.0934102
38 500000 1  0.0953485
39 500000 1  0.0915055
40 500000 1  0.0908422
41 500000 1  0.0929365
42 500000 1  0.092571
43 500000 1  0.0954138
44 500000 1  0.0918823
45 500000 1  0.0894754
46 500000 1  0.0959017
47 500000 1  0.0985944
48 500000 1  0.0927494
49 500000 1  0.093067
50 500000 1  0.092403
51 500000 1  0.0939543
52 500000 1  0.0920613
53 500000 1  0.0925448
54 500000 1  0.0916532
55 500000 1  0.0897343
56 500000 1  0.0951209
57 500000 1  0.0950776
58 500000 1  0.0986382
59 500000 1  0.094191
60 500000 1  0.0930689
61 500000 1  0.0923666
62 500000 1  0.0916963
63 500000 1  0.0915326
64 500000 1  0.094707
65 500000 1  0.0914636
66 500000 1  0.0900534
67 500000 1  0.0912554
68 500000 1  0.0949288
69 500000 1  0.0944458
70 500000 1  0.0969489
71 500000 1  0.0914374
72 500000 1  0.0902722
73 500000 1  0.0921181
74 500000 1  0.0906307
75 500000 1  0.0929876
76 500000 1  0.0924607
77 500000 1  0.093835
78 500000 1  0.0917702
79 500000 1  0.0956751
80 500000 1  0.0976596
81 500000 1  0.0966474
82 500000 1  0.0924479
83 500000 1  0.0920923
84 500000 1  0.0916087
85 500000 1  0.097053
86 500000 1  0.0953331
87 500000 1  0.0904822
88 500000 1  0.0925842
89 500000 1  0.0911128
90 500000 1  0.0923913
91 500000 1  0.0913345
92 500000 1  0.0991962
93 500000 1  0.0912937
94 500000 1  0.0913232
95 500000 1  0.0905504
96 500000 1  0.0947136
97 500000 1  0.0929262
98 500000 1  0.10028
99 500000 1  0.091892
0 500000 0.25  0.0898959
1 500000 0.25  0.0988029
2 500000 0.25  0.0916602
3 500000 0.25  0.0916408
4 500000 0.25  0.0881206
5 500000 0.25  0.0883169
6 500000 0.25  0.0903495
7 500000 0.25  0.0898495
8 500000 0.25  0.0893831
9 500000 0.25  0.0885469
10 500000 0.25  0.0883158
11 500000 0.25  0.0936426
12 500000 0.25  0.0921634
13 500000 0.25  0.0942526
14 500000 0.25  0.0885649
15 500000 0.25  0.091355
16 500000 0.25  0.0897252
17 500000 0.25  0.0928891
18 500000 0.25  0.0930729
19 500000 0.25  0.0886786
20 500000 0.25  0.0976054
21 500000 0.25  0.0907473
22 500000 0.25  0.0909531
23 500000 0.25  0.0928541
24 500000 0.25  0.0928064
25 500000 0.25  0.0891341
26 500000 0.25  0.0895031
27 500000 0.25  0.090095
28 500000 0.25  0.0902306
29 500000 0.25  0.0898474
30 500000 0.25  0.0902985
31 500000 0.25  0.0903845
32 500000 0.25  0.0916131
33 500000 0.25  0.0914658
34 500000 0.25  0.0890516
35 500000 0.25  0.0927344
36 500000 0.25  0.0959469
37 500000 0.25  0.0934951
38 500000 0.25  0.0910912
39 500000 0.25  0.0941491
40 500000 0.25  0.087993
41 500000 0.25  0.0907331
42 500000 0.25  0.0930707
43 500000 0.25  0.091212
44 500000 0.25  0.0911055
45 500000 0.25  0.092108
46 500000 0.25  0.0919807
47 500000 0.25  0.0949469
48 500000 0.25  0.0914092
49 500000 0.25  0.0966095
50 500000 0.25  0.0925373
51 500000 0.25  0.0887183
52 500000 0.25  0.0884631
53 500000 0.25  0.0906495
54 500000 0.25  0.089463
55 500000 0.25  0.0913031
56 500000 0.25  0.0922678
57 500000 0.25  0.0902445
58 500000 0.25  0.090949
59 500000 0.25  0.101822
60 500000 0.25  0.0929956
61 500000 0.25  0.0919563
62 500000 0.25  0.089393
63 500000 0.25  0.107337
64 500000 0.25  0.0902541
65 500000 0.25  0.0916864
66 500000 0.25  0.0924402
67 500000 0.25  0.0915869
68 500000 0.25  0.0957394
69 500000 0.25  0.092422
70 500000 0.25  0.0987002
71 500000 0.25  0.0928664
72 500000 0.25  0.0919994
73 500000 0.25  0.0903839
74 500000 0.25  0.0886425
75 500000 0.25  0.0919398
76 500000 0.25  0.0916193
77 500000 0.25  0.0890848
78 500000 0.25  0.0908192
79 500000 0.25  0.0917032
80 500000 0.25  0.0925878
81 500000 0.25  0.0943984
82 500000 0.25  0.0956347
83 500000 0.25  0.0889014
84 500000 0.25  0.0992553
85 500000 0.25  0.0899373
86 500000 0.25  0.0889525
87 500000 0.25  0.0919643
88 500000 0.25  0.0924876
89 500000 0.25  0.0887726
90 500000 0.25  0.0902404
91 500000 0.25  0.0889302
92 500000 0.25  0.0912098
93 500000 0.25  0.0960333
94 500000 0.25  0.0888792
95 500000 0.25  0.0903237
96 500000 0.25  0.0896449
97 500000 0.25  0.0925767
98 500000 0.25  0.0935386
99 500000 0.25  0.0936028
0 500000 0.5  0.215906
1 500000 0.5  0.0924402
2 500000 0.5  0.126841
3 500000 0.5  0.0941141
4 500000 0.5  0.0930955
5 500000 0.5  0.135586
6 500000 0.5  0.253662
7 500000 0.5  0.169248
8 500000 0.5  0.271129
9 500000 0.5  0.105981
10 500000 0.5  0.0993076
11 500000 0.5  0.500376
12 500000 0.5  0.112863
13 500000 0.5  0.961233
14 500000 0.5  0.106397
15 500000 0.5  0.715648
16 500000 0.5  0.0973731
17 500000 0.5  0.19837
18 500000 0.5  0.108349
19 500000 0.5  0.318867
20 500000 0.5  0.178535
21 500000 0.5  0.0877825
22 500000 0.5  0.160939
23 500000 0.5  0.0902927
24 500000 0.5  0.121804
25 500000 0.5  0.111852
26 500000 0.5  1.71712
27 500000 0.5  0.487543
28 500000 0.5  1.23409
29 500000 0.5  0.309551
30 500000 0.5  0.15915
31 500000 0.5  0.400045
32 500000 0.5  0.132807
33 500000 0.5  0.666028
34 500000 0.5  0.142112
35 500000 0.5  0.228419
36 500000 0.5  0.150943
37 500000 0.5  0.0934898
38 500000 0.5  0.770424
39 500000 0.5  0.139155
40 500000 0.5  0.0894915
41 500000 0.5  0.227371
42 500000 0.5  0.105977
43 500000 0.5  0.587887
44 500000 0.5  0.128449
45 500000 0.5  0.0915994
46 500000 0.5  0.128009
47 500000 0.5  0.140861
48 500000 0.5  0.0953951
49 500000 0.5  0.0918246
50 500000 0.5  0.239077
51 500000 0.5  0.327573
52 500000 0.5  0.429652
53 500000 0.5  0.65477
54 500000 0.5  0.106696
55 500000 0.5  0.116027
56 500000 0.5  0.693015
57 500000 0.5  0.140372
58 500000 0.5  0.35464
59 500000 0.5  0.0988759
60 500000 0.5  0.0917502
61 500000 0.5  0.0960395
62 500000 0.5  0.089576
63 500000 0.5  0.646489
64 500000 0.5  0.419289
65 500000 0.5  0.276949
66 500000 0.5  0.0932951
67 500000 0.5  0.300526
68 500000 0.5  0.73265
69 500000 0.5  0.0944688
70 500000 0.5  0.387572
71 500000 0.5  0.373125
72 500000 0.5  0.107202
73 500000 0.5  0.11011
74 500000 0.5  0.900814
75 500000 0.5  0.0864395
76 500000 0.5  0.190576
77 500000 0.5  0.0909498
78 500000 0.5  0.279232
79 500000 0.5  0.214762
80 500000 0.5  0.494203
81 500000 0.5  0.239708
82 500000 0.5  0.120832
83 500000 0.5  0.154288
84 500000 0.5  1.19687
85 500000 0.5  0.782415
86 500000 0.5  0.364698
87 500000 0.5  0.0901628
88 500000 0.5  0.818581
89 500000 0.5  0.106983
90 500000 0.5  0.235955
91 500000 0.5  0.0899247
92 500000 0.5  0.285508
93 500000 0.5  0.0931494
94 500000 0.5  0.478822
95 500000 0.5  0.538963
96 500000 0.5  1.1034
97 500000 0.5  0.0998063
98 500000 0.5  0.127437
99 500000 0.5  0.098776
0 500000 0.75  0.077508
1 500000 0.75  0.0834743
2 500000 0.75  0.0772647
3 500000 0.75  0.0813472
4 500000 0.75  0.0773412
5 500000 0.75  0.0772804
6 500000 0.75  0.0761667
7 500000 0.75  0.0751562
8 500000 0.75  0.0842475
9 500000 0.75  0.0790738
10 500000 0.75  0.077105
11 500000 0.75  0.0777249
12 500000 0.75  0.0775265
13 500000 0.75  0.0745519
14 500000 0.75  0.0845426
15 500000 0.75  0.0827585
16 500000 0.75  0.0775707
17 500000 0.75  0.0762024
18 500000 0.75  0.0875988
19 500000 0.75  0.0766564
20 500000 0.75  0.0815774
21 500000 0.75  0.0860832
22 500000 0.75  0.0798385
23 500000 0.75  0.0779419
24 500000 0.75  0.0787106
25 500000 0.75  0.0795782
26 500000 0.75  0.0759438
27 500000 0.75  0.0820685
28 500000 0.75  0.0793073
29 500000 0.75  0.0781779
30 500000 0.75  0.0775502
31 500000 0.75  0.0777281
32 500000 0.75  0.0799301
33 500000 0.75  0.0788667
34 500000 0.75  0.0794607
35 500000 0.75  0.0792237
36 500000 0.75  0.0781914
37 500000 0.75  0.0772016
38 500000 0.75  0.0772694
39 500000 0.75  0.0788944
40 500000 0.75  0.0776684
41 500000 0.75  0.0882972
42 500000 0.75  0.0891899
43 500000 0.75  0.0765641
44 500000 0.75  0.0804061
45 500000 0.75  0.0851591
46 500000 0.75  0.077412
47 500000 0.75  0.077322
48 500000 0.75  0.0803436
49 500000 0.75  0.0770597
50 500000 0.75  0.0784773
51 500000 0.75  0.0760036
52 500000 0.75  0.0764292
53 500000 0.75  0.0785396
54 500000 0.75  0.0840965
55 500000 0.75  0.0760098
56 500000 0.75  0.0765248
57 500000 0.75  0.0829092
58 500000 0.75  0.0795563
59 500000 0.75  0.0795621
60 500000 0.75  0.0766667
61 500000 0.75  0.0769584
62 500000 0.75  0.0771089
63 500000 0.75  0.0806966
64 500000 0.75  0.0808338
65 500000 0.75  0.0798277
66 500000 0.75  0.078331
67 500000 0.75  0.0872356
68 500000 0.75  0.0772661
69 500000 0.75  0.0829051
70 500000 0.75  0.0784321
71 500000 0.75  0.0786373
72 500000 0.75  0.0763468
73 500000 0.75  0.0795169
74 500000 0.75  0.0771728
75 500000 0.75  0.0765816
76 500000 0.75  0.0828869
77 500000 0.75  0.0778839
78 500000 0.75  0.0776618
79 500000 0.75  0.0741726
80 500000 0.75  0.0782821
81 500000 0.75  0.0862663
82 500000 0.75  0.0788372
83 500000 0.75  0.0819124
84 500000 0.75  0.0740195
85 500000 0.75  0.0773814
86 500000 0.75  0.0755302
87 500000 0.75  0.0765405
88 500000 0.75  0.0801143
89 500000 0.75  0.0772956
90 500000 0.75  0.0767975
91 500000 0.75  0.0796613
92 500000 0.75  0.0774685
93 500000 0.75  0.076427
94 500000 0.75  0.0844542
95 500000 0.75  0.0794951
96 500000 0.75  0.0777496
97 500000 0.75  0.0769916
98 500000 0.75  0.0769839
99 500000 0.75  0.0754122
0 500000 0.95  0.086945
1 500000 0.95  0.0764777
2 500000 0.95  0.0705689
3 500000 0.95  0.0718063
4 500000 0.95  0.0715054
5 500000 0.95  0.070732
6 500000 0.95  0.0733995
7 500000 0.95  0.0909384
8 500000 0.95  0.0731166
9 500000 0.95  0.071804
10 500000 0.95  0.0722285
11 500000 0.95  0.0724561
12 500000 0.95  0.0708563
13 500000 0.95  0.0733973
14 500000 0.95  0.0776969
15 500000 0.95  0.078626
16 500000 0.95  0.0698571
17 500000 0.95  0.0746383
18 500000 0.95  0.0693567
19 500000 0.95  0.0731388
20 500000 0.95  0.0716374
21 500000 0.95  0.0722358
22 500000 0.95  0.0694144
23 500000 0.95  0.0713326
24 500000 0.95  0.0717038
25 500000 0.95  0.0717585
26 500000 0.95  0.0691084
27 500000 0.95  0.0770426
28 500000 0.95  0.0730414
29 500000 0.95  0.0882152
30 500000 0.95  0.0805048
31 500000 0.95  0.0754931
32 500000 0.95  0.0750865
33 500000 0.95  0.078486
34 500000 0.95  0.0794499
35 500000 0.95  0.0736064
36 500000 0.95  0.0741763
37 500000 0.95  0.074059
38 500000 0.95  0.072141
39 500000 0.95  0.0770259
40 500000 0.95  0.0778806
41 500000 0.95  0.0736424
42 500000 0.95  0.0813354
43 500000 0.95  0.0872965
44 500000 0.95  0.0729032
45 500000 0.95  0.0711896
46 500000 0.95  0.0710864
47 500000 0.95  0.0709255
48 500000 0.95  0.0726287
49 500000 0.95  0.0705992
50 500000 0.95  0.0707519
51 500000 0.95  0.0706451
52 500000 0.95  0.070899
53 500000 0.95  0.0730972
54 500000 0.95  0.0722603
55 500000 0.95  0.0716199
56 500000 0.95  0.0711655
57 500000 0.95  0.0722738
58 500000 0.95  0.0777107
59 500000 0.95  0.0752408
60 500000 0.95  0.0706922
61 500000 0.95  0.0731581
62 500000 0.95  0.0724711
63 500000 0.95  0.074246
64 500000 0.95  0.0719485
65 500000 0.95  0.0698523
66 500000 0.95  0.0725207
67 500000 0.95  0.0743484
68 500000 0.95  0.0711733
69 500000 0.95  0.0731457
70 500000 0.95  0.0730582
71 500000 0.95  0.0701591
72 500000 0.95  0.0773661
73 500000 0.95  0.0733932
74 500000 0.95  0.0754292
75 500000 0.95  0.0736752
76 500000 0.95  0.0706856
77 500000 0.95  0.0720756
78 500000 0.95  0.0703713
79 500000 0.95  0.0702061
80 500000 0.95  0.0723409
81 500000 0.95  0.0735993
82 500000 0.95  0.0748359
83 500000 0.95  0.0690318
84 500000 0.95  0.0707892
85 500000 0.95  0.0724215
86 500000 0.95  0.0782231
87 500000 0.95  0.0773569
88 500000 0.95  0.0724557
89 500000 0.95  0.0770073
90 500000 0.95  0.071907
91 500000 0.95  0.0745223
92 500000 0.95  0.0714004
93 500000 0.95  0.0734408
94 500000 0.95  0.0778267
95 500000 0.95  0.0729623
96 500000 0.95  0.0725545
97 500000 0.95  0.0716455
98 500000 0.95  0.0723529
99 500000 0.95  0.0691894
0 500000 0.99  0.0734779
1 500000 0.99  0.0692995
2 500000 0.99  0.0642918
3 500000 0.99  0.0649879
4 500000 0.99  0.0644169
5 500000 0.99  0.0636219
6 500000 0.99  0.0654807
7 500000 0.99  0.062405
8 500000 0.99  0.0632674
9 500000 0.99  0.0652148
10 500000 0.99  0.0636769
11 500000 0.99  0.0665718
12 500000 0.99  0.063278
13 500000 0.99  0.0662344
14 500000 0.99  0.0632376
15 500000 0.99  0.0649489
16 500000 0.99  0.0657209
17 500000 0.99  0.068913
18 500000 0.99  0.0660882
19 500000 0.99  0.063699
20 500000 0.99  0.063666
21 500000 0.99  0.064992
22 500000 0.99  0.062055
23 500000 0.99  0.0653008
24 500000 0.99  0.0645423
25 500000 0.99  0.0629096
26 500000 0.99  0.0640511
27 500000 0.99  0.0666523
28 500000 0.99  0.0652108
29 500000 0.99  0.0780904
30 500000 0.99  0.0633283
31 500000 0.99  0.0641409
32 500000 0.99  0.064368
33 500000 0.99  0.0676578
34 500000 0.99  0.0650646
35 500000 0.99  0.0641459
36 500000 0.99  0.0647612
37 500000 0.99  0.0679998
38 500000 0.99  0.0668016
39 500000 0.99  0.0657349
40 500000 0.99  0.0632325
41 500000 0.99  0.0656308
42 500000 0.99  0.0641193
43 500000 0.99  0.0633309
44 500000 0.99  0.0627653
45 500000 0.99  0.0649428
46 500000 0.99  0.0650073
47 500000 0.99  0.0646904
48 500000 0.99  0.0636347
49 500000 0.99  0.0694213
50 500000 0.99  0.0639435
51 500000 0.99  0.0671384
52 500000 0.99  0.0668657
53 500000 0.99  0.0631391
54 500000 0.99  0.0668686
55 500000 0.99  0.066415
56 500000 0.99  0.0646256
57 500000 0.99  0.0635534
58 500000 0.99  0.0641342
59 500000 0.99  0.0743466
60 500000 0.99  0.0666546
61 500000 0.99  0.0663015
62 500000 0.99  0.0646214
63 500000 0.99  0.0647684
64 500000 0.99  0.0640428
65 500000 0.99  0.0677858
66 500000 0.99  0.0638531
67 500000 0.99  0.0640865
68 500000 0.99  0.0668059
69 500000 0.99  0.0630181
70 500000 0.99  0.0658228
71 500000 0.99  0.0657505
72 500000 0.99  0.0630428
73 500000 0.99  0.0662731
74 500000 0.99  0.0638721
75 500000 0.99  0.0639432
76 500000 0.99  0.0653359
77 500000 0.99  0.0637645
78 500000 0.99  0.0643848
79 500000 0.99  0.0651963
80 500000 0.99  0.0660951
81 500000 0.99  0.0707833
82 500000 0.99  0.064437
83 500000 0.99  0.0633615
84 500000 0.99  0.0645387
85 500000 0.99  0.0654763
86 500000 0.99  0.062773
87 500000 0.99  0.0649439
88 500000 0.99  0.0648984
89 500000 0.99  0.0759538
90 500000 0.99  0.0634509
91 500000 0.99  0.0644103
92 500000 0.99  0.0643338
93 500000 0.99  0.0633542
94 500000 0.99  0.0643804
95 500000 0.99  0.0625928
96 500000 0.99  0.0638301
97 500000 0.99  0.0696572
98 500000 0.99  0.0637882
99 500000 0.99  0.0645635
0 500000 0.997  0.06052
1 500000 0.997  0.068113
2 500000 0.997  0.0678015
3 500000 0.997  0.0625524
4 500000 0.997  0.0638771
5 500000 0.997  0.0616807
6 500000 0.997  0.0624984
7 500000 0.997  0.060566
8 500000 0.997  0.0618591
9 500000 0.997  0.0633138
10 500000 0.997  0.0650905
11 500000 0.997  0.0613767
12 500000 0.997  0.0618536
13 500000 0.997  0.0611217
14 500000 0.997  0.0629032
15 500000 0.997  0.0615258
16 500000 0.997  0.0630337
17 500000 0.997  0.0663752
18 500000 0.997  0.0645562
19 500000 0.997  0.0664397
20 500000 0.997  0.062323
21 500000 0.997  0.0615093
22 500000 0.997  0.0604609
23 500000 0.997  0.0595459
24 500000 0.997  0.0637284
25 500000 0.997  0.0642188
26 500000 0.997  0.0610233
27 500000 0.997  0.0633156
28 500000 0.997  0.0616125
29 500000 0.997  0.0623477
30 500000 0.997  0.0625111
31 500000 0.997  0.0641274
32 500000 0.997  0.0633962
33 500000 0.997  0.0678256
34 500000 0.997  0.0659938
35 500000 0.997  0.0653012
36 500000 0.997  0.0687143
37 500000 0.997  0.0613354
38 500000 0.997  0.0623828
39 500000 0.997  0.0627967
40 500000 0.997  0.0638553
41 500000 0.997  0.0639472
42 500000 0.997  0.0626253
43 500000 0.997  0.0616464
44 500000 0.997  0.0627351
45 500000 0.997  0.0620761
46 500000 0.997  0.0626311
47 500000 0.997  0.0633032
48 500000 0.997  0.0616152
49 500000 0.997  0.062665
50 500000 0.997  0.0683609
51 500000 0.997  0.0700879
52 500000 0.997  0.0622843
53 500000 0.997  0.0623605
54 500000 0.997  0.0600489
55 500000 0.997  0.0629173
56 500000 0.997  0.0632672
57 500000 0.997  0.0603789
58 500000 0.997  0.0622107
59 500000 0.997  0.0634082
60 500000 0.997  0.0625322
61 500000 0.997  0.0620105
62 500000 0.997  0.0624736
63 500000 0.997  0.062867
64 500000 0.997  0.0634173
65 500000 0.997  0.06523
66 500000 0.997  0.0622733
67 500000 0.997  0.0643585
68 500000 0.997  0.0626592
69 500000 0.997  0.0624699
70 500000 0.997  0.0623911
71 500000 0.997  0.0624762
72 500000 0.997  0.0616311
73 500000 0.997  0.060276
74 500000 0.997  0.064108
75 500000 0.997  0.0665163
76 500000 0.997  0.0613796
77 500000 0.997  0.0622016
78 500000 0.997  0.0650014
79 500000 0.997  0.0606754
80 500000 0.997  0.0622001
81 500000 0.997  0.0651007
82 500000 0.997  0.0607975
83 500000 0.997  0.0656064
84 500000 0.997  0.0667656
85 500000 0.997  0.0610284
86 500000 0.997  0.0639268
87 500000 0.997  0.0611907
88 500000 0.997  0.0625899
89 500000 0.997  0.0627314
90 500000 0.997  0.0745621
91 500000 0.997  0.072874
92 500000 0.997  0.058506
93 500000 0.997  0.0653931
94 500000 0.997  0.100486
95 500000 0.997  0.106217
96 500000 0.997  0.0622023
97 500000 0.997  0.0620621
98 500000 0.997  0.0712137
99 500000 0.997  0.0675692
0 1000000 -1  0.134564
1 1000000 -1  0.14339
2 1000000 -1  0.144397
3 1000000 -1  0.136423
4 1000000 -1  0.139012
5 1000000 -1  0.149156
6 1000000 -1  0.140057
7 1000000 -1  0.135778
8 1000000 -1  0.146653
9 1000000 -1  0.135065
10 1000000 -1  0.143179
11 1000000 -1  0.143088
12 1000000 -1  0.139424
13 1000000 -1  0.138699
14 1000000 -1  0.136963
15 1000000 -1  0.137383
16 1000000 -1  0.142835
17 1000000 -1  0.13939
18 1000000 -1  0.137677
19 1000000 -1  0.142586
20 1000000 -1  0.139424
21 1000000 -1  0.156552
22 1000000 -1  0.144377
23 1000000 -1  0.13906
24 1000000 -1  0.136201
25 1000000 -1  0.139795
26 1000000 -1  0.1336
27 1000000 -1  0.145861
28 1000000 -1  0.132634
29 1000000 -1  0.138012
30 1000000 -1  0.140082
31 1000000 -1  0.139657
32 1000000 -1  0.133094
33 1000000 -1  0.131797
34 1000000 -1  0.142742
35 1000000 -1  0.133345
36 1000000 -1  0.13504
37 1000000 -1  0.132421
38 1000000 -1  0.133742
39 1000000 -1  0.143562
40 1000000 -1  0.134144
41 1000000 -1  0.133025
42 1000000 -1  0.132813
43 1000000 -1  0.133386
44 1000000 -1  0.133243
45 1000000 -1  0.133626
46 1000000 -1  0.137683
47 1000000 -1  0.138366
48 1000000 -1  0.137163
49 1000000 -1  0.133933
50 1000000 -1  0.130402
51 1000000 -1  0.131544
52 1000000 -1  0.132648
53 1000000 -1  0.134548
54 1000000 -1  0.131983
55 1000000 -1  0.139883
56 1000000 -1  0.133329
57 1000000 -1  0.12948
58 1000000 -1  0.134705
59 1000000 -1  0.132077
60 1000000 -1  0.131347
61 1000000 -1  0.131838
62 1000000 -1  0.133521
63 1000000 -1  0.148218
64 1000000 -1  0.132183
65 1000000 -1  0.133173
66 1000000 -1  0.131009
67 1000000 -1  0.133472
68 1000000 -1  0.136102
69 1000000 -1  0.132349
70 1000000 -1  0.133847
71 1000000 -1  0.13867
72 1000000 -1  0.130238
73 1000000 -1  0.131846
74 1000000 -1  0.131452
75 1000000 -1  0.131708
76 1000000 -1  0.132027
77 1000000 -1  0.133736
78 1000000 -1  0.142451
79 1000000 -1  0.136317
80 1000000 -1  0.132781
81 1000000 -1  0.130994
82 1000000 -1  0.130992
83 1000000 -1  0.132284
84 1000000 -1  0.13014
85 1000000 -1  0.133033
86 1000000 -1  0.131181
87 1000000 -1  0.145644
88 1000000 -1  0.13438
89 1000000 -1  0.131113
90 1000000 -1  0.133676
91 1000000 -1  0.147755
92 1000000 -1  0.148971
93 1000000 -1  0.132579
94 1000000 -1  0.139256
95 1000000 -1  0.138251
96 1000000 -1  0.132554
97 1000000 -1  0.13142
98 1000000 -1  0.132636
99 1000000 -1  0.133031
0 1000000 1  0.207694
1 1000000 1  0.225106
2 1000000 1  0.226924
3 1000000 1  0.205485
4 1000000 1  0.206518
5 1000000 1  0.203229
6 1000000 1  0.222875
7 1000000 1  0.212639
8 1000000 1  0.21635
9 1000000 1  0.210266
10 1000000 1  0.207088
11 1000000 1  0.214185
12 1000000 1  0.20557
13 1000000 1  0.204601
14 1000000 1  0.206735
15 1000000 1  0.20658
16 1000000 1  0.219304
17 1000000 1  0.205622
18 1000000 1  0.205011
19 1000000 1  0.204425
20 1000000 1  0.206534
21 1000000 1  0.213765
22 1000000 1  0.211002
23 1000000 1  0.209386
24 1000000 1  0.213301
25 1000000 1  0.21978
26 1000000 1  0.216247
27 1000000 1  0.209798
28 1000000 1  0.210751
29 1000000 1  0.220437
30 1000000 1  0.210659
31 1000000 1  0.211268
32 1000000 1  0.205438
33 1000000 1  0.204233
34 1000000 1  0.214827
35 1000000 1  0.205295
36 1000000 1  0.215796
37 1000000 1  0.204346
38 1000000 1  0.204926
39 1000000 1  0.206319
40 1000000 1  0.206284
41 1000000 1  0.213479
42 1000000 1  0.21027
43 1000000 1  0.206485
44 1000000 1  0.217932
45 1000000 1  0.203861
46 1000000 1  0.210864
47 1000000 1  0.20541
48 1000000 1  0.206091
49 1000000 1  0.205944
50 1000000 1  0.20697
51 1000000 1  0.210951
52 1000000 1  0.209004
53 1000000 1  0.220734
54 1000000 1  0.205228
55 1000000 1  0.206663
56 1000000 1  0.213698
57 1000000 1  0.209427
58 1000000 1  0.205192
59 1000000 1  0.20744
60 1000000 1  0.209118
61 1000000 1  0.20551
62 1000000 1  0.212951
63 1000000 1  0.211971
64 1000000 1  0.205134
65 1000000 1  0.205511
66 1000000 1  0.202471
67 1000000 1  0.208644
68 1000000 1  0.20475
69 1000000 1  0.202823
70 1000000 1  0.207627
71 1000000 1  0.204077
72 1000000 1  0.224638
73 1000000 1  0.209303
74 1000000 1  0.205477
75 1000000 1  0.205937
76 1000000 1  0.203564
77 1000000 1  0.212684
78 1000000 1  0.205723
79 1000000 1  0.214684
80 1000000 1  0.216507
81 1000000 1  0.205586
82 1000000 1  0.220026
83 1000000 1  0.210743
84 1000000 1  0.20888
85 1000000 1  0.207576
86 1000000 1  0.207414
87 1000000 1  0.208029
88 1000000 1  0.207264
89 1000000 1  0.206888
90 1000000 1  0.202835
91 1000000 1  0.219806
92 1000000 1  0.21449
93 1000000 1  0.212539
94 1000000 1  0.204898
95 1000000 1  0.205151
96 1000000 1  0.213793
97 1000000 1  0.214511
98 1000000 1  0.209997
99 1000000 1  0.209071
0 1000000 0.25  0.206712
1 1000000 0.25  0.202318
2 1000000 0.25  0.199558
3 1000000 0.25  0.204948
4 1000000 0.25  0.207512
5 1000000 0.25  0.204463
6 1000000 0.25  0.206416
7 1000000 0.25  0.198125
8 1000000 0.25  0.205299
9 1000000 0.25  0.204436
10 1000000 0.25  0.19828
11 1000000 0.25  0.214791
12 1000000 0.25  0.211235
13 1000000 0.25  0.213193
14 1000000 0.25  0.205377
15 1000000 0.25  0.209333
16 1000000 0.25  0.218489
17 1000000 0.25  0.200028
18 1000000 0.25  0.211886
19 1000000 0.25  0.203292
20 1000000 0.25  0.204565
21 1000000 0.25  0.201867
22 1000000 0.25  0.202511
23 1000000 0.25  0.198519
24 1000000 0.25  0.201741
25 1000000 0.25  0.199855
26 1000000 0.25  0.200919
27 1000000 0.25  0.204216
28 1000000 0.25  0.228225
29 1000000 0.25  0.198225
30 1000000 0.25  0.200989
31 1000000 0.25  0.201958
32 1000000 0.25  0.20249
33 1000000 0.25  0.198604
34 1000000 0.25  0.196582
35 1000000 0.25  0.199378
36 1000000 0.25  0.19669
37 1000000 0.25  0.201761
38 1000000 0.25  0.209569
39 1000000 0.25  0.197747
40 1000000 0.25  0.200441
41 1000000 0.25  0.199812
42 1000000 0.25  0.197653
43 1000000 0.25  0.19884
44 1000000 0.25  0.197884
45 1000000 0.25  0.201418
46 1000000 0.25  0.197444
47 1000000 0.25  0.197369
48 1000000 0.25  0.203596
49 1000000 0.25  0.199355
50 1000000 0.25  0.199446
51 1000000 0.25  0.197727
52 1000000 0.25  0.194912
53 1000000 0.25  0.205227
54 1000000 0.25  0.196965
55 1000000 0.25  0.19583
56 1000000 0.25  0.195258
57 1000000 0.25  0.201338
58 1000000 0.25  0.209753
59 1000000 0.25  0.199224
60 1000000 0.25  0.198721
61 1000000 0.25  0.201675
62 1000000 0.25  0.197683
63 1000000 0.25  0.194131
64 1000000 0.25  0.202918
65 1000000 0.25  0.197832
66 1000000 0.25  0.19856
67 1000000 0.25  0.198296
68 1000000 0.25  0.201299
69 1000000 0.25  0.201868
70 1000000 0.25  0.197821
71 1000000 0.25  0.20477
72 1000000 0.25  0.198271
73 1000000 0.25  0.198165
74 1000000 0.25  0.196653
75 1000000 0.25  0.205714
76 1000000 0.25  0.196934
77 1000000 0.25  0.198849
78 1000000 0.25  0.203556
79 1000000 0.25  0.202123
80 1000000 0.25  0.209462
81 1000000 0.25  0.199612
82 1000000 0.25  0.202063
83 1000000 0.25  0.199881
84 1000000 0.25  0.195926
85 1000000 0.25  0.204036
86 1000000 0.25  0.196044
87 1000000 0.25  0.210764
88 1000000 0.25  0.195072
89 1000000 0.25  0.194763
90 1000000 0.25  0.201262
91 1000000 0.25  0.198803
92 1000000 0.25  0.19954
93 1000000 0.25  0.197406
94 1000000 0.25  0.195889
95 1000000 0.25  0.200951
96 1000000 0.25  0.203358
97 1000000 0.25  0.205479
98 1000000 0.25  0.196213
99 1000000 0.25  0.198945
0 1000000 0.5  0.703936
1 1000000 0.5  0.608942
2 1000000 0.5  0.214464
3 1000000 0.5  0.303915
4 1000000 0.5  1.59048
5 1000000 0.5  0.369921
6 1000000 0.5  0.197616
7 1000000 0.5  0.194742
8 1000000 0.5  1.10235
9 1000000 0.5  0.20943
10 1000000 0.5  0.194399
11 1000000 0.5  1.56933
12 1000000 0.5  0.216195
13 1000000 0.5  0.193131
14 1000000 0.5  0.300667
15 1000000 0.5  0.538405
16 1000000 0.5  0.841519
17 1000000 0.5  1.28278
18 1000000 0.5  1.34073
19 1000000 0.5  0.709156
20 1000000 0.5  0.260544
21 1000000 0.5  0.197564
22 1000000 0.5  0.207241
23 1000000 0.5  0.207175
24 1000000 0.5  0.195281
25 1000000 0.5  1.93148
26 1000000 0.5  0.300282
27 1000000 0.5  0.86178
28 1000000 0.5  0.920014
29 1000000 0.5  0.199702
30 1000000 0.5  0.206456
31 1000000 0.5  1.47783
32 1000000 0.5  2.31032
33 1000000 0.5  0.523782
34 1000000 0.5  0.370111
35 1000000 0.5  0.19744
36 1000000 0.5  0.209354
37 1000000 0.5  0.202561
38 1000000 0.5  0.701541
39 1000000 0.5  0.850564
40 1000000 0.5  0.84745
41 1000000 0.5  0.285305
42 1000000 0.5  0.194931
43 1000000 0.5  0.198766
44 1000000 0.5  1.62981
45 1000000 0.5  0.848678
46 1000000 0.5  0.223718
47 1000000 0.5  0.565006
48 1000000 0.5  0.839781
49 1000000 0.5  0.283738
50 1000000 0.5  2.11921
51 1000000 0.5  0.350055
52 1000000 0.5  0.714364
53 1000000 0.5  2.6166
54 1000000 0.5  1.98404
55 1000000 0.5  0.202267
56 1000000 0.5  0.204843
57 1000000 0.5  0.335895
58 1000000 0.5  0.284536
59 1000000 0.5  0.882041
60 1000000 0.5  0.551131
61 1000000 0.5  2.47807
62 1000000 0.5  1.15819
63 1000000 0.5  2.45747
64 1000000 0.5  0.771512
65 1000000 0.5  0.205202
66 1000000 0.5  1.18312
67 1000000 0.5  0.879718
68 1000000 0.5  2.1032
69 1000000 0.5  0.213675
70 1000000 0.5  0.863897
71 1000000 0.5  0.195318
72 1000000 0.5  1.11348
73 1000000 0.5  0.199594
74 1000000 0.5  2.53153
75 1000000 0.5  1.03121
76 1000000 0.5  0.6939
77 1000000 0.5  0.232974
78 1000000 0.5  0.29205
79 1000000 0.5  0.461003
80 1000000 0.5  0.196844
81 1000000 0.5  0.322533
82 1000000 0.5  0.196271
83 1000000 0.5  0.232367
84 1000000 0.5  0.295451
85 1000000 0.5  1.47996
86 1000000 0.5  0.236572
87 1000000 0.5  0.211438
88 1000000 0.5  0.269773
89 1000000 0.5  0.216764
90 1000000 0.5  0.202311
91 1000000 0.5  0.354551
92 1000000 0.5  0.192786
93 1000000 0.5  0.196337
94 1000000 0.5  0.346013
95 1000000 0.5  0.280182
96 1000000 0.5  1.37158
97 1000000 0.5  0.202299
98 1000000 0.5  0.19659
99 1000000 0.5  0.897427
0 1000000 0.75  0.169884
1 1000000 0.75  0.17527
2 1000000 0.75  0.171692
3 1000000 0.75  0.175227
4 1000000 0.75  0.17409
5 1000000 0.75  0.169565
6 1000000 0.75  0.169789
7 1000000 0.75  0.184151
8 1000000 0.75  0.169635
9 1000000 0.75  0.1714
10 1000000 0.75  0.174696
11 1000000 0.75  0.172576
12 1000000 0.75  0.175525
13 1000000 0.75  0.179078
14 1000000 0.75  0.168834
15 1000000 0.75  0.175194
16 1000000 0.75  0.179022
17 1000000 0.75  0.170844
18 1000000 0.75  0.18265
19 1000000 0.75  0.181616
20 1000000 0.75  0.173593
21 1000000 0.75  0.173081
22 1000000 0.75  0.169171
23 1000000 0.75  0.176591
24 1000000 0.75  0.171468
25 1000000 0.75  0.175208
26 1000000 0.75  0.178033
27 1000000 0.75  0.176461
28 1000000 0.75  0.177605
29 1000000 0.75  0.181223
30 1000000 0.75  0.177105
31 1000000 0.75  0.180143
32 1000000 0.75  0.176692
33 1000000 0.75  0.172305
34 1000000 0.75  0.176863
35 1000000 0.75  0.170951
36 1000000 0.75  0.171075
37 1000000 0.75  0.175545
38 1000000 0.75  0.174025
39 1000000 0.75  0.170855
40 1000000 0.75  0.173179
41 1000000 0.75  0.187442
42 1000000 0.75  0.171363
43 1000000 0.75  0.180824
44 1000000 0.75  0.170709
45 1000000 0.75  0.175373
46 1000000 0.75  0.169307
47 1000000 0.75  0.174585
48 1000000 0.75  0.174921
49 1000000 0.75  0.178387
50 1000000 0.75  0.170581
51 1000000 0.75  0.174566
52 1000000 0.75  0.178279
53 1000000 0.75  0.175222
54 1000000 0.75  0.169003
55 1000000 0.75  0.181148
56 1000000 0.75  0.172868
57 1000000 0.75  0.178247
58 1000000 0.75  0.169233
59 1000000 0.75  0.170916
60 1000000 0.75  0.176941
61 1000000 0.75  0.179884
62 1000000 0.75  0.173007
63 1000000 0.75  0.179194
64 1000000 0.75  0.171869
65 1000000 0.75  0.17342
66 1000000 0.75  0.176204
67 1000000 0.75  0.179391
68 1000000 0.75  0.172635
69 1000000 0.75  0.177479
70 1000000 0.75  0.169349
71 1000000 0.75  0.171029
72 1000000 0.75  0.171781
73 1000000 0.75  0.171011
74 1000000 0.75  0.171724
75 1000000 0.75  0.182021
76 1000000 0.75  0.17453
77 1000000 0.75  0.173372
78 1000000 0.75  0.175521
79 1000000 0.75  0.172627
80 1000000 0.75  0.180602
81 1000000 0.75  0.172533
82 1000000 0.75  0.170857
83 1000000 0.75  0.169417
84 1000000 0.75  0.179001
85 1000000 0.75  0.170102
86 1000000 0.75  0.184985
87 1000000 0.75  0.173289
88 1000000 0.75  0.169435
89 1000000 0.75  0.178381
90 1000000 0.75  0.171685
91 1000000 0.75  0.175237
92 1000000 0.75  0.179352
93 1000000 0.75  0.168008
94 1000000 0.75  0.172182
95 1000000 0.75  0.17699
96 1000000 0.75  0.174061
97 1000000 0.75  0.17432
98 1000000 0.75  0.17933
99 1000000 0.75  0.16973
0 1000000 0.95  0.16066
1 1000000 0.95  0.167371
2 1000000 0.95  0.171397
3 1000000 0.95  0.16536
4 1000000 0.95  0.16176
5 1000000 0.95  0.158382
6 1000000 0.95  0.159073
7 1000000 0.95  0.171156
8 1000000 0.95  0.160874
9 1000000 0.95  0.159632
10 1000000 0.95  0.158825
11 1000000 0.95  0.161244
12 1000000 0.95  0.158335
13 1000000 0.95  0.159388
14 1000000 0.95  0.170856
15 1000000 0.95  0.159718
16 1000000 0.95  0.163623
17 1000000 0.95  0.158615
18 1000000 0.95  0.159766
19 1000000 0.95  0.167427
20 1000000 0.95  0.164711
21 1000000 0.95  0.164614
22 1000000 0.95  0.160152
23 1000000 0.95  0.160321
24 1000000 0.95  0.163996
25 1000000 0.95  0.159361
26 1000000 0.95  0.160591
27 1000000 0.95  0.16444
28 1000000 0.95  0.162603
29 1000000 0.95  0.159512
30 1000000 0.95  0.161483
31 1000000 0.95  0.171758
32 1000000 0.95  0.162889
33 1000000 0.95  0.162683
34 1000000 0.95  0.166428
35 1000000 0.95  0.162801
36 1000000 0.95  0.161961
37 1000000 0.95  0.161241
38 1000000 0.95  0.160255
39 1000000 0.95  0.162974
40 1000000 0.95  0.16297
41 1000000 0.95  0.164203
42 1000000 0.95  0.157472
43 1000000 0.95  0.15966
44 1000000 0.95  0.164972
45 1000000 0.95  0.159151
46 1000000 0.95  0.16378
47 1000000 0.95  0.169048
48 1000000 0.95  0.161717
49 1000000 0.95  0.161581
50 1000000 0.95  0.1595
51 1000000 0.95  0.163092
52 1000000 0.95  0.161512
53 1000000 0.95  0.159155
54 1000000 0.95  0.165489
55 1000000 0.95  0.159263
56 1000000 0.95  0.169889
57 1000000 0.95  0.159916
58 1000000 0.95  0.159434
59 1000000 0.95  0.160778
60 1000000 0.95  0.163086
61 1000000 0.95  0.158997
62 1000000 0.95  0.161492
63 1000000 0.95  0.165267
64 1000000 0.95  0.160215
65 1000000 0.95  0.161951
66 1000000 0.95  0.160615
67 1000000 0.95  0.164616
68 1000000 0.95  0.16557
69 1000000 0.95  0.161879
70 1000000 0.95  0.163948
71 1000000 0.95  0.15941
72 1000000 0.95  0.160862
73 1000000 0.95  0.165631
74 1000000 0.95  0.161753
75 1000000 0.95  0.161909
76 1000000 0.95  0.162245
77 1000000 0.95  0.164138
78 1000000 0.95  0.159638
79 1000000 0.95  0.157628
80 1000000 0.95  0.169033
81 1000000 0.95  0.163158
82 1000000 0.95  0.158566
83 1000000 0.95  0.162445
84 1000000 0.95  0.159316
85 1000000 0.95  0.160481
86 1000000 0.95  0.164226
87 1000000 0.95  0.163273
88 1000000 0.95  0.162443
89 1000000 0.95  0.158882
90 1000000 0.95  0.162816
91 1000000 0.95  0.160914
92 1000000 0.95  0.170178
93 1000000 0.95  0.164434
94 1000000 0.95  0.159625
95 1000000 0.95  0.160879
96 1000000 0.95  0.160867
97 1000000 0.95  0.160626
98 1000000 0.95  0.158085
99 1000000 0.95  0.169827
0 1000000 0.99  0.14998
1 1000000 0.99  0.160578
2 1000000 0.99  0.152085
3 1000000 0.99  0.145401
4 1000000 0.99  0.149521
5 1000000 0.99  0.14599
6 1000000 0.99  0.146764
7 1000000 0.99  0.149447
8 1000000 0.99  0.149734
9 1000000 0.99  0.145392
10 1000000 0.99  0.154297
11 1000000 0.99  0.14823
12 1000000 0.99  0.145946
13 1000000 0.99  0.146195
14 1000000 0.99  0.150982
15 1000000 0.99  0.150695
16 1000000 0.99  0.146692
17 1000000 0.99  0.146817
18 1000000 0.99  0.14802
19 1000000 0.99  0.146628
20 1000000 0.99  0.148732
21 1000000 0.99  0.15075
22 1000000 0.99  0.150917
23 1000000 0.99  0.15495
24 1000000 0.99  0.149751
25 1000000 0.99  0.148168
26 1000000 0.99  0.145807
27 1000000 0.99  0.146817
28 1000000 0.99  0.149578
29 1000000 0.99  0.151242
30 1000000 0.99  0.145771
31 1000000 0.99  0.147681
32 1000000 0.99  0.147862
33 1000000 0.99  0.146254
34 1000000 0.99  0.15056
35 1000000 0.99  0.14732
36 1000000 0.99  0.159122
37 1000000 0.99  0.148519
38 1000000 0.99  0.148466
39 1000000 0.99  0.146236
40 1000000 0.99  0.14975
41 1000000 0.99  0.150124
42 1000000 0.99  0.147527
43 1000000 0.99  0.153739
44 1000000 0.99  0.1512
45 1000000 0.99  0.146439
46 1000000 0.99  0.149212
47 1000000 0.99  0.149701
48 1000000 0.99  0.1521
49 1000000 0.99  0.161044
50 1000000 0.99  0.149837
51 1000000 0.99  0.150832
52 1000000 0.99  0.146621
53 1000000 0.99  0.148747
54 1000000 0.99  0.147865
55 1000000 0.99  0.148931
56 1000000 0.99  0.148405
57 1000000 0.99  0.147721
58 1000000 0.99  0.150146
59 1000000 0.99  0.149435
60 1000000 0.99  0.14696
61 1000000 0.99  0.150428
62 1000000 0.99  0.15322
63 1000000 0.99  0.148791
64 1000000 0.99  0.151152
65 1000000 0.99  0.151945
66 1000000 0.99  0.14859
67 1000000 0.99  0.148244
68 1000000 0.99  0.14755
69 1000000 0.99  0.147744
70 1000000 0.99  0.148958
71 1000000 0.99  0.1483
72 1000000 0.99  0.150123
73 1000000 0.99  0.148033
74 1000000 0.99  0.151944
75 1000000 0.99  0.146552
76 1000000 0.99  0.152203
77 1000000 0.99  0.147159
78 1000000 0.99  0.148545
79 1000000 0.99  0.152633
80 1000000 0.99  0.147799
81 1000000 0.99  0.148233
82 1000000 0.99  0.146809
83 1000000 0.99  0.147855
84 1000000 0.99  0.148331
85 1000000 0.99  0.148265
86 1000000 0.99  0.150502
87 1000000 0.99  0.148329
88 1000000 0.99  0.149151
89 1000000 0.99  0.154664
90 1000000 0.99  0.147335
91 1000000 0.99  0.150293
92 1000000 0.99  0.145351
93 1000000 0.99  0.151091
94 1000000 0.99  0.147832
95 1000000 0.99  0.148035
96 1000000 0.99  0.150195
97 1000000 0.99  0.148408
98 1000000 0.99  0.147389
99 1000000 0.99  0.146528
0 1000000 0.997  0.144829
1 1000000 0.997  0.153471
2 1000000 0.997  0.146677
3 1000000 0.997  0.144659
4 1000000 0.997  0.142494
5 1000000 0.997  0.155084
6 1000000 0.997  0.144129
7 1000000 0.997  0.143573
8 1000000 0.997  0.15031
9 1000000 0.997  0.142501
10 1000000 0.997  0.143935
11 1000000 0.997  0.144484
12 1000000 0.997  0.14272
13 1000000 0.997  0.144414
14 1000000 0.997  0.145202
15 1000000 0.997  0.147321
16 1000000 0.997  0.142986
17 1000000 0.997  0.140526
18 1000000 0.997  0.142928
19 1000000 0.997  0.147554
20 1000000 0.997  0.141752
21 1000000 0.997  0.142649
22 1000000 0.997  0.146063
23 1000000 0.997  0.146719
24 1000000 0.997  0.139614
25 1000000 0.997  0.14276
26 1000000 0.997  0.141655
27 1000000 0.997  0.143767
28 1000000 0.997  0.141805
29 1000000 0.997  0.143013
30 1000000 0.997  0.146912
31 1000000 0.997  0.144854
32 1000000 0.997  0.146699
33 1000000 0.997  0.141433
34 1000000 0.997  0.142925
35 1000000 0.997  0.142908
36 1000000 0.997  0.143017
37 1000000 0.997  0.143935
38 1000000 0.997  0.142139
39 1000000 0.997  0.14261
40 1000000 0.997  0.143051
41 1000000 0.997  0.141434
42 1000000 0.997  0.143618
43 1000000 0.997  0.14778
44 1000000 0.997  0.14268
45 1000000 0.997  0.14709
46 1000000 0.997  0.142423
47 1000000 0.997  0.1453
48 1000000 0.997  0.142404
49 1000000 0.997  0.144664
50 1000000 0.997  0.144293
51 1000000 0.997  0.143302
52 1000000 0.997  0.145827
53 1000000 0.997  0.142799
54 1000000 0.997  0.142967
55 1000000 0.997  0.141601
56 1000000 0.997  0.146215
57 1000000 0.997  0.143567
58 1000000 0.997  0.143214
59 1000000 0.997  0.145394
60 1000000 0.997  0.153987
61 1000000 0.997  0.141236
62 1000000 0.997  0.142735
63 1000000 0.997  0.145482
64 1000000 0.997  0.143558
65 1000000 0.997  0.14206
66 1000000 0.997  0.143526
67 1000000 0.997  0.147806
68 1000000 0.997  0.143927
69 1000000 0.997  0.143303
70 1000000 0.997  0.144232
71 1000000 0.997  0.142405
72 1000000 0.997  0.143318
73 1000000 0.997  0.144724
74 1000000 0.997  0.156522
75 1000000 0.997  0.141056
76 1000000 0.997  0.144039
77 1000000 0.997  0.146187
78 1000000 0.997  0.143368
79 1000000 0.997  0.142065
80 1000000 0.997  0.141303
81 1000000 0.997  0.145899
82 1000000 0.997  0.145222
83 1000000 0.997  0.143793
84 1000000 0.997  0.148222
85 1000000 0.997  0.141575
86 1000000 0.997  0.144168
87 1000000 0.997  0.143548
88 1000000 0.997  0.149672
89 1000000 0.997  0.146992
90 1000000 0.997  0.140115
91 1000000 0.997  0.144308
92 1000000 0.997  0.142886
93 1000000 0.997  0.140344
94 1000000 0.997  0.146194
95 1000000 0.997  0.142396
96 1000000 0.997  0.145852
97 1000000 0.997  0.141334
98 1000000 0.997  0.148694
99 1000000 0.997  0.143742
