0 1000000 -1  0.131
1 1000000 -1  0.14
2 1000000 -1  0.132
3 1000000 -1  0.131
4 1000000 -1  0.135
5 1000000 -1  0.132
6 1000000 -1  0.132
7 1000000 -1  0.133
8 1000000 -1  0.137
9 1000000 -1  0.138
10 1000000 -1  0.137
11 1000000 -1  0.132
12 1000000 -1  0.132
13 1000000 -1  0.139
14 1000000 -1  0.133
15 1000000 -1  0.131
16 1000000 -1  0.135
17 1000000 -1  0.137
18 1000000 -1  0.131
19 1000000 -1  0.134
20 1000000 -1  0.13
21 1000000 -1  0.132
22 1000000 -1  0.132
23 1000000 -1  0.134
24 1000000 -1  0.139
25 1000000 -1  0.134
26 1000000 -1  0.133
27 1000000 -1  0.134
28 1000000 -1  0.14
29 1000000 -1  0.133
30 1000000 -1  0.135
31 1000000 -1  0.131
32 1000000 -1  0.136
33 1000000 -1  0.14
34 1000000 -1  0.136
35 1000000 -1  0.132
36 1000000 -1  0.134
37 1000000 -1  0.132
38 1000000 -1  0.135
39 1000000 -1  0.133
40 1000000 -1  0.139
41 1000000 -1  0.132
42 1000000 -1  0.139
43 1000000 -1  0.132
44 1000000 -1  0.133
45 1000000 -1  0.133
46 1000000 -1  0.132
47 1000000 -1  0.133
48 1000000 -1  0.141
49 1000000 -1  0.132
50 1000000 -1  0.131
51 1000000 -1  0.134
52 1000000 -1  0.134
53 1000000 -1  0.134
54 1000000 -1  0.135
55 1000000 -1  0.133
56 1000000 -1  0.14
57 1000000 -1  0.141
58 1000000 -1  0.133
59 1000000 -1  0.132
60 1000000 -1  0.134
61 1000000 -1  0.133
62 1000000 -1  0.134
63 1000000 -1  0.13
64 1000000 -1  0.141
65 1000000 -1  0.131
66 1000000 -1  0.132
67 1000000 -1  0.133
68 1000000 -1  0.132
69 1000000 -1  0.133
70 1000000 -1  0.131
71 1000000 -1  0.133
72 1000000 -1  0.15
73 1000000 -1  0.133
74 1000000 -1  0.132
75 1000000 -1  0.134
76 1000000 -1  0.132
77 1000000 -1  0.136
78 1000000 -1  0.131
79 1000000 -1  0.133
80 1000000 -1  0.136
81 1000000 -1  0.13
82 1000000 -1  0.137
83 1000000 -1  0.134
84 1000000 -1  0.137
85 1000000 -1  0.132
86 1000000 -1  0.144
87 1000000 -1  0.133
88 1000000 -1  0.135
89 1000000 -1  0.133
90 1000000 -1  0.133
91 1000000 -1  0.132
92 1000000 -1  0.133
93 1000000 -1  0.132
94 1000000 -1  0.131
95 1000000 -1  0.134
96 1000000 -1  0.14
97 1000000 -1  0.134
98 1000000 -1  0.131
99 1000000 -1  0.134
0 1000000 1  0.206
1 1000000 1  0.209
2 1000000 1  0.208
3 1000000 1  0.217
4 1000000 1  0.208
5 1000000 1  0.207
6 1000000 1  0.216
7 1000000 1  0.207
8 1000000 1  0.21
9 1000000 1  0.208
10 1000000 1  0.209
11 1000000 1  0.21
12 1000000 1  0.208
13 1000000 1  0.215
14 1000000 1  0.206
15 1000000 1  0.21
16 1000000 1  0.208
17 1000000 1  0.21
18 1000000 1  0.205
19 1000000 1  0.207
20 1000000 1  0.208
21 1000000 1  0.211
22 1000000 1  0.22
23 1000000 1  0.208
24 1000000 1  0.209
25 1000000 1  0.205
26 1000000 1  0.215
27 1000000 1  0.207
28 1000000 1  0.208
29 1000000 1  0.208
30 1000000 1  0.205
31 1000000 1  0.216
32 1000000 1  0.212
33 1000000 1  0.204
34 1000000 1  0.209
35 1000000 1  0.202
36 1000000 1  0.214
37 1000000 1  0.213
38 1000000 1  0.208
39 1000000 1  0.21
40 1000000 1  0.206
41 1000000 1  0.217
42 1000000 1  0.208
43 1000000 1  0.206
44 1000000 1  0.206
45 1000000 1  0.209
46 1000000 1  0.21
47 1000000 1  0.209
48 1000000 1  0.208
49 1000000 1  0.209
50 1000000 1  0.213
51 1000000 1  0.212
52 1000000 1  0.214
53 1000000 1  0.211
54 1000000 1  0.209
55 1000000 1  0.209
56 1000000 1  0.211
57 1000000 1  0.214
58 1000000 1  0.212
59 1000000 1  0.206
60 1000000 1  0.208
61 1000000 1  0.206
62 1000000 1  0.212
63 1000000 1  0.207
64 1000000 1  0.209
65 1000000 1  0.209
66 1000000 1  0.206
67 1000000 1  0.21
68 1000000 1  0.208
69 1000000 1  0.216
70 1000000 1  0.213
71 1000000 1  0.206
72 1000000 1  0.217
73 1000000 1  0.21
74 1000000 1  0.207
75 1000000 1  0.212
76 1000000 1  0.208
77 1000000 1  0.214
78 1000000 1  0.21
79 1000000 1  0.215
80 1000000 1  0.209
81 1000000 1  0.205
82 1000000 1  0.21
83 1000000 1  0.21
84 1000000 1  0.212
85 1000000 1  0.209
86 1000000 1  0.207
87 1000000 1  0.211
88 1000000 1  0.218
89 1000000 1  0.21
90 1000000 1  0.204
91 1000000 1  0.21
92 1000000 1  0.21
93 1000000 1  0.209
94 1000000 1  0.213
95 1000000 1  0.204
96 1000000 1  0.208
97 1000000 1  0.207
98 1000000 1  0.221
99 1000000 1  0.209
0 1000000 0.25  0.203
1 1000000 0.25  0.207
2 1000000 0.25  0.205
3 1000000 0.25  0.203
4 1000000 0.25  0.201
5 1000000 0.25  0.203
6 1000000 0.25  0.208
7 1000000 0.25  0.205
8 1000000 0.25  0.209
9 1000000 0.25  0.2
10 1000000 0.25  0.202
11 1000000 0.25  0.208
12 1000000 0.25  0.198
13 1000000 0.25  0.203
14 1000000 0.25  0.2
15 1000000 0.25  0.21
16 1000000 0.25  0.213
17 1000000 0.25  0.201
18 1000000 0.25  0.217
19 1000000 0.25  0.203
20 1000000 0.25  0.209
21 1000000 0.25  0.202
22 1000000 0.25  0.207
23 1000000 0.25  0.203
24 1000000 0.25  0.202
25 1000000 0.25  0.205
26 1000000 0.25  0.206
27 1000000 0.25  0.21
28 1000000 0.25  0.211
29 1000000 0.25  0.205
30 1000000 0.25  0.206
31 1000000 0.25  0.208
32 1000000 0.25  0.209
33 1000000 0.25  0.201
34 1000000 0.25  0.203
35 1000000 0.25  0.205
36 1000000 0.25  0.201
37 1000000 0.25  0.225
38 1000000 0.25  0.2
39 1000000 0.25  0.206
40 1000000 0.25  0.206
41 1000000 0.25  0.203
42 1000000 0.25  0.215
43 1000000 0.25  0.205
44 1000000 0.25  0.202
45 1000000 0.25  0.204
46 1000000 0.25  0.202
47 1000000 0.25  0.216
48 1000000 0.25  0.203
49 1000000 0.25  0.2
50 1000000 0.25  0.201
51 1000000 0.25  0.199
52 1000000 0.25  0.202
53 1000000 0.25  0.207
54 1000000 0.25  0.2
55 1000000 0.25  0.204
56 1000000 0.25  0.204
57 1000000 0.25  0.214
58 1000000 0.25  0.207
59 1000000 0.25  0.203
60 1000000 0.25  0.206
61 1000000 0.25  0.206
62 1000000 0.25  0.206
63 1000000 0.25  0.205
64 1000000 0.25  0.206
65 1000000 0.25  0.204
66 1000000 0.25  0.214
67 1000000 0.25  0.208
68 1000000 0.25  0.204
69 1000000 0.25  0.208
70 1000000 0.25  0.204
71 1000000 0.25  0.201
72 1000000 0.25  0.204
73 1000000 0.25  0.203
74 1000000 0.25  0.207
75 1000000 0.25  0.203
76 1000000 0.25  0.203
77 1000000 0.25  0.206
78 1000000 0.25  0.2
79 1000000 0.25  0.217
80 1000000 0.25  0.2
81 1000000 0.25  0.203
82 1000000 0.25  0.203
83 1000000 0.25  0.204
84 1000000 0.25  0.212
85 1000000 0.25  0.203
86 1000000 0.25  0.209
87 1000000 0.25  0.211
88 1000000 0.25  0.211
89 1000000 0.25  0.207
90 1000000 0.25  0.205
91 1000000 0.25  0.199
92 1000000 0.25  0.204
93 1000000 0.25  0.205
94 1000000 0.25  0.21
95 1000000 0.25  0.207
96 1000000 0.25  0.209
97 1000000 0.25  0.203
98 1000000 0.25  0.201
99 1000000 0.25  0.209
0 1000000 0.5  0.58
1 1000000 0.5  0.266
2 1000000 0.5  0.348
3 1000000 0.5  0.275
4 1000000 0.5  0.275
5 1000000 0.5  0.205
6 1000000 0.5  1.27
7 1000000 0.5  0.215
8 1000000 0.5  0.211
9 1000000 0.5  0.212
10 1000000 0.5  0.266
11 1000000 0.5  0.887
12 1000000 0.5  0.297
13 1000000 0.5  0.269
14 1000000 0.5  0.531
15 1000000 0.5  0.225
16 1000000 0.5  0.225
17 1000000 0.5  0.199
18 1000000 0.5  0.237
19 1000000 0.5  0.641
20 1000000 0.5  0.445
21 1000000 0.5  1.036
22 1000000 0.5  0.21
23 1000000 0.5  0.225
24 1000000 0.5  0.257
25 1000000 0.5  1.209
26 1000000 0.5  0.24
27 1000000 0.5  0.205
28 1000000 0.5  0.256
29 1000000 0.5  0.2
30 1000000 0.5  0.557
31 1000000 0.5  4.78
32 1000000 0.5  0.352
33 1000000 0.5  0.208
34 1000000 0.5  0.199
35 1000000 0.5  0.242
36 1000000 0.5  0.356
37 1000000 0.5  0.263
38 1000000 0.5  0.521
39 1000000 0.5  0.225
40 1000000 0.5  0.196
41 1000000 0.5  1.166
42 1000000 0.5  0.342
43 1000000 0.5  0.212
44 1000000 0.5  2.61
45 1000000 0.5  1.665
46 1000000 0.5  0.318
47 1000000 0.5  0.207
48 1000000 0.5  0.836
49 1000000 0.5  3.038
50 1000000 0.5  0.797
51 1000000 0.5  2.016
52 1000000 0.5  1.23
53 1000000 0.5  0.21
54 1000000 0.5  0.195
55 1000000 0.5  1.023
56 1000000 0.5  0.345
57 1000000 0.5  0.53
58 1000000 0.5  0.286
59 1000000 0.5  0.449
60 1000000 0.5  0.199
61 1000000 0.5  0.339
62 1000000 0.5  0.2
63 1000000 0.5  0.224
64 1000000 0.5  1.284
65 1000000 0.5  2.799
66 1000000 0.5  0.235
67 1000000 0.5  0.251
68 1000000 0.5  1.249
69 1000000 0.5  0.197
70 1000000 0.5  0.262
71 1000000 0.5  0.277
72 1000000 0.5  0.195
73 1000000 0.5  0.209
74 1000000 0.5  2.019
75 1000000 0.5  3.44
76 1000000 0.5  0.712
77 1000000 0.5  0.449
78 1000000 0.5  0.538
79 1000000 0.5  0.373
80 1000000 0.5  1.484
81 1000000 0.5  0.226
82 1000000 0.5  1.128
83 1000000 0.5  1.203
84 1000000 0.5  0.347
85 1000000 0.5  4.835
86 1000000 0.5  0.213
87 1000000 0.5  0.597
88 1000000 0.5  0.883
89 1000000 0.5  0.194
90 1000000 0.5  0.194
91 1000000 0.5  4.99
92 1000000 0.5  1.079
93 1000000 0.5  0.714
94 1000000 0.5  1.677
95 1000000 0.5  0.406
96 1000000 0.5  0.448
97 1000000 0.5  0.235
98 1000000 0.5  3.479
99 1000000 0.5  0.91
0 1000000 0.75  0.18
1 1000000 0.75  0.192
2 1000000 0.75  0.182
3 1000000 0.75  0.18
4 1000000 0.75  0.172
5 1000000 0.75  0.185
6 1000000 0.75  0.183
7 1000000 0.75  0.185
8 1000000 0.75  0.181
9 1000000 0.75  0.174
10 1000000 0.75  0.177
11 1000000 0.75  0.177
12 1000000 0.75  0.182
13 1000000 0.75  0.181
14 1000000 0.75  0.183
15 1000000 0.75  0.182
16 1000000 0.75  0.18
17 1000000 0.75  0.181
18 1000000 0.75  0.183
19 1000000 0.75  0.187
20 1000000 0.75  0.175
21 1000000 0.75  0.183
22 1000000 0.75  0.175
23 1000000 0.75  0.183
24 1000000 0.75  0.181
25 1000000 0.75  0.179
26 1000000 0.75  0.177
27 1000000 0.75  0.176
28 1000000 0.75  0.175
29 1000000 0.75  0.175
30 1000000 0.75  0.184
31 1000000 0.75  0.18
32 1000000 0.75  0.18
33 1000000 0.75  0.177
34 1000000 0.75  0.184
35 1000000 0.75  0.175
36 1000000 0.75  0.184
37 1000000 0.75  0.178
38 1000000 0.75  0.176
39 1000000 0.75  0.176
40 1000000 0.75  0.174
41 1000000 0.75  0.174
42 1000000 0.75  0.188
43 1000000 0.75  0.177
44 1000000 0.75  0.176
45 1000000 0.75  0.178
46 1000000 0.75  0.175
47 1000000 0.75  0.176
48 1000000 0.75  0.183
49 1000000 0.75  0.176
50 1000000 0.75  0.175
51 1000000 0.75  0.179
52 1000000 0.75  0.176
53 1000000 0.75  0.175
54 1000000 0.75  0.185
55 1000000 0.75  0.173
56 1000000 0.75  0.185
57 1000000 0.75  0.176
58 1000000 0.75  0.175
59 1000000 0.75  0.176
60 1000000 0.75  0.18
61 1000000 0.75  0.178
62 1000000 0.75  0.181
63 1000000 0.75  0.171
64 1000000 0.75  0.175
65 1000000 0.75  0.181
66 1000000 0.75  0.178
67 1000000 0.75  0.182
68 1000000 0.75  0.181
69 1000000 0.75  0.174
70 1000000 0.75  0.183
71 1000000 0.75  0.181
72 1000000 0.75  0.179
73 1000000 0.75  0.175
74 1000000 0.75  0.174
75 1000000 0.75  0.173
76 1000000 0.75  0.176
77 1000000 0.75  0.183
78 1000000 0.75  0.185
79 1000000 0.75  0.176
80 1000000 0.75  0.175
81 1000000 0.75  0.177
82 1000000 0.75  0.174
83 1000000 0.75  0.177
84 1000000 0.75  0.187
85 1000000 0.75  0.178
86 1000000 0.75  0.18
87 1000000 0.75  0.176
88 1000000 0.75  0.175
89 1000000 0.75  0.176
90 1000000 0.75  0.194
91 1000000 0.75  0.176
92 1000000 0.75  0.176
93 1000000 0.75  0.184
94 1000000 0.75  0.177
95 1000000 0.75  0.17
96 1000000 0.75  0.179
97 1000000 0.75  0.176
98 1000000 0.75  0.181
99 1000000 0.75  0.18
0 1000000 0.95  0.161
1 1000000 0.95  0.172
2 1000000 0.95  0.162
3 1000000 0.95  0.164
4 1000000 0.95  0.165
5 1000000 0.95  0.164
6 1000000 0.95  0.163
7 1000000 0.95  0.181
8 1000000 0.95  0.165
9 1000000 0.95  0.161
10 1000000 0.95  0.163
11 1000000 0.95  0.166
12 1000000 0.95  0.161
13 1000000 0.95  0.168
14 1000000 0.95  0.168
15 1000000 0.95  0.163
16 1000000 0.95  0.165
17 1000000 0.95  0.16
18 1000000 0.95  0.163
19 1000000 0.95  0.176
20 1000000 0.95  0.17
21 1000000 0.95  0.161
22 1000000 0.95  0.163
23 1000000 0.95  0.16
24 1000000 0.95  0.164
25 1000000 0.95  0.167
26 1000000 0.95  0.163
27 1000000 0.95  0.166
28 1000000 0.95  0.167
29 1000000 0.95  0.158
30 1000000 0.95  0.162
31 1000000 0.95  0.171
32 1000000 0.95  0.164
33 1000000 0.95  0.17
34 1000000 0.95  0.166
35 1000000 0.95  0.161
36 1000000 0.95  0.164
37 1000000 0.95  0.164
38 1000000 0.95  0.161
39 1000000 0.95  0.168
40 1000000 0.95  0.165
41 1000000 0.95  0.162
42 1000000 0.95  0.165
43 1000000 0.95  0.173
44 1000000 0.95  0.166
45 1000000 0.95  0.163
46 1000000 0.95  0.171
47 1000000 0.95  0.16
48 1000000 0.95  0.161
49 1000000 0.95  0.165
50 1000000 0.95  0.169
51 1000000 0.95  0.164
52 1000000 0.95  0.171
53 1000000 0.95  0.165
54 1000000 0.95  0.164
55 1000000 0.95  0.169
56 1000000 0.95  0.167
57 1000000 0.95  0.162
58 1000000 0.95  0.166
59 1000000 0.95  0.17
60 1000000 0.95  0.163
61 1000000 0.95  0.163
62 1000000 0.95  0.166
63 1000000 0.95  0.164
64 1000000 0.95  0.169
65 1000000 0.95  0.174
66 1000000 0.95  0.168
67 1000000 0.95  0.173
68 1000000 0.95  0.164
69 1000000 0.95  0.166
70 1000000 0.95  0.165
71 1000000 0.95  0.163
72 1000000 0.95  0.17
73 1000000 0.95  0.167
74 1000000 0.95  0.163
75 1000000 0.95  0.162
76 1000000 0.95  0.165
77 1000000 0.95  0.163
78 1000000 0.95  0.176
79 1000000 0.95  0.169
80 1000000 0.95  0.163
81 1000000 0.95  0.165
82 1000000 0.95  0.166
83 1000000 0.95  0.163
84 1000000 0.95  0.169
85 1000000 0.95  0.168
86 1000000 0.95  0.165
87 1000000 0.95  0.161
88 1000000 0.95  0.164
89 1000000 0.95  0.169
90 1000000 0.95  0.162
91 1000000 0.95  0.178
92 1000000 0.95  0.167
93 1000000 0.95  0.163
94 1000000 0.95  0.164
95 1000000 0.95  0.165
96 1000000 0.95  0.165
97 1000000 0.95  0.173
98 1000000 0.95  0.17
99 1000000 0.95  0.161
0 1000000 0.99  0.149
1 1000000 0.99  0.16
2 1000000 0.99  0.15
3 1000000 0.99  0.16
4 1000000 0.99  0.15
5 1000000 0.99  0.149
6 1000000 0.99  0.148
7 1000000 0.99  0.155
8 1000000 0.99  0.154
9 1000000 0.99  0.146
10 1000000 0.99  0.15
11 1000000 0.99  0.152
12 1000000 0.99  0.148
13 1000000 0.99  0.148
14 1000000 0.99  0.151
15 1000000 0.99  0.158
16 1000000 0.99  0.161
17 1000000 0.99  0.154
18 1000000 0.99  0.151
19 1000000 0.99  0.152
20 1000000 0.99  0.155
21 1000000 0.99  0.15
22 1000000 0.99  0.152
23 1000000 0.99  0.154
24 1000000 0.99  0.152
25 1000000 0.99  0.15
26 1000000 0.99  0.15
27 1000000 0.99  0.16
28 1000000 0.99  0.153
29 1000000 0.99  0.161
30 1000000 0.99  0.154
31 1000000 0.99  0.149
32 1000000 0.99  0.155
33 1000000 0.99  0.155
34 1000000 0.99  0.153
35 1000000 0.99  0.153
36 1000000 0.99  0.154
37 1000000 0.99  0.151
38 1000000 0.99  0.149
39 1000000 0.99  0.15
40 1000000 0.99  0.154
41 1000000 0.99  0.15
42 1000000 0.99  0.162
43 1000000 0.99  0.159
44 1000000 0.99  0.149
45 1000000 0.99  0.149
46 1000000 0.99  0.157
47 1000000 0.99  0.147
48 1000000 0.99  0.149
49 1000000 0.99  0.149
50 1000000 0.99  0.156
51 1000000 0.99  0.149
52 1000000 0.99  0.148
53 1000000 0.99  0.157
54 1000000 0.99  0.152
55 1000000 0.99  0.157
56 1000000 0.99  0.159
57 1000000 0.99  0.153
58 1000000 0.99  0.153
59 1000000 0.99  0.154
60 1000000 0.99  0.152
61 1000000 0.99  0.151
62 1000000 0.99  0.147
63 1000000 0.99  0.156
64 1000000 0.99  0.152
65 1000000 0.99  0.152
66 1000000 0.99  0.159
67 1000000 0.99  0.154
68 1000000 0.99  0.152
69 1000000 0.99  0.149
70 1000000 0.99  0.154
71 1000000 0.99  0.151
72 1000000 0.99  0.149
73 1000000 0.99  0.151
74 1000000 0.99  0.15
75 1000000 0.99  0.147
76 1000000 0.99  0.152
77 1000000 0.99  0.151
78 1000000 0.99  0.15
79 1000000 0.99  0.153
80 1000000 0.99  0.155
81 1000000 0.99  0.149
82 1000000 0.99  0.152
83 1000000 0.99  0.149
84 1000000 0.99  0.154
85 1000000 0.99  0.154
86 1000000 0.99  0.154
87 1000000 0.99  0.151
88 1000000 0.99  0.148
89 1000000 0.99  0.151
90 1000000 0.99  0.149
91 1000000 0.99  0.151
92 1000000 0.99  0.154
93 1000000 0.99  0.162
94 1000000 0.99  0.15
95 1000000 0.99  0.152
96 1000000 0.99  0.15
97 1000000 0.99  0.147
98 1000000 0.99  0.155
99 1000000 0.99  0.156
0 1000000 0.997  0.143
1 1000000 0.997  0.151
2 1000000 0.997  0.145
3 1000000 0.997  0.148
4 1000000 0.997  0.144
5 1000000 0.997  0.146
6 1000000 0.997  0.15
7 1000000 0.997  0.144
8 1000000 0.997  0.16
9 1000000 0.997  0.143
10 1000000 0.997  0.145
11 1000000 0.997  0.148
12 1000000 0.997  0.147
13 1000000 0.997  0.144
14 1000000 0.997  0.149
15 1000000 0.997  0.155
16 1000000 0.997  0.146
17 1000000 0.997  0.143
18 1000000 0.997  0.146
19 1000000 0.997  0.154
20 1000000 0.997  0.145
21 1000000 0.997  0.149
22 1000000 0.997  0.157
23 1000000 0.997  0.147
24 1000000 0.997  0.147
25 1000000 0.997  0.143
26 1000000 0.997  0.143
27 1000000 0.997  0.146
28 1000000 0.997  0.146
29 1000000 0.997  0.149
30 1000000 0.997  0.149
31 1000000 0.997  0.146
32 1000000 0.997  0.144
33 1000000 0.997  0.152
34 1000000 0.997  0.146
35 1000000 0.997  0.151
36 1000000 0.997  0.147
37 1000000 0.997  0.15
38 1000000 0.997  0.147
39 1000000 0.997  0.143
40 1000000 0.997  0.145
41 1000000 0.997  0.148
42 1000000 0.997  0.146
43 1000000 0.997  0.145
44 1000000 0.997  0.149
45 1000000 0.997  0.15
46 1000000 0.997  0.155
47 1000000 0.997  0.144
48 1000000 0.997  0.149
49 1000000 0.997  0.149
50 1000000 0.997  0.144
51 1000000 0.997  0.153
52 1000000 0.997  0.144
53 1000000 0.997  0.147
54 1000000 0.997  0.147
55 1000000 0.997  0.145
56 1000000 0.997  0.146
57 1000000 0.997  0.146
58 1000000 0.997  0.154
59 1000000 0.997  0.155
60 1000000 0.997  0.145
61 1000000 0.997  0.146
62 1000000 0.997  0.146
63 1000000 0.997  0.146
64 1000000 0.997  0.145
65 1000000 0.997  0.151
66 1000000 0.997  0.152
67 1000000 0.997  0.146
68 1000000 0.997  0.146
69 1000000 0.997  0.144
70 1000000 0.997  0.146
71 1000000 0.997  0.145
72 1000000 0.997  0.148
73 1000000 0.997  0.151
74 1000000 0.997  0.144
75 1000000 0.997  0.147
76 1000000 0.997  0.144
77 1000000 0.997  0.145
78 1000000 0.997  0.148
79 1000000 0.997  0.144
80 1000000 0.997  0.15
81 1000000 0.997  0.143
82 1000000 0.997  0.146
83 1000000 0.997  0.149
84 1000000 0.997  0.148
85 1000000 0.997  0.149
86 1000000 0.997  0.151
87 1000000 0.997  0.148
88 1000000 0.997  0.148
89 1000000 0.997  0.146
90 1000000 0.997  0.148
91 1000000 0.997  0.143
92 1000000 0.997  0.149
93 1000000 0.997  0.146
94 1000000 0.997  0.143
95 1000000 0.997  0.153
96 1000000 0.997  0.146
97 1000000 0.997  0.146
98 1000000 0.997  0.149
99 1000000 0.997  0.147
0 500000 -1  0.053
1 500000 -1  0.06
2 500000 -1  0.056
3 500000 -1  0.054
4 500000 -1  0.054
5 500000 -1  0.055
6 500000 -1  0.054
7 500000 -1  0.057
8 500000 -1  0.056
9 500000 -1  0.055
10 500000 -1  0.058
11 500000 -1  0.059
12 500000 -1  0.056
13 500000 -1  0.055
14 500000 -1  0.054
15 500000 -1  0.054
16 500000 -1  0.055
17 500000 -1  0.057
18 500000 -1  0.055
19 500000 -1  0.06
20 500000 -1  0.059
21 500000 -1  0.063
22 500000 -1  0.055
23 500000 -1  0.056
24 500000 -1  0.057
25 500000 -1  0.057
26 500000 -1  0.062
27 500000 -1  0.056
28 500000 -1  0.055
29 500000 -1  0.056
30 500000 -1  0.055
31 500000 -1  0.054
32 500000 -1  0.055
33 500000 -1  0.054
34 500000 -1  0.056
35 500000 -1  0.056
36 500000 -1  0.057
37 500000 -1  0.058
38 500000 -1  0.061
39 500000 -1  0.057
40 500000 -1  0.055
41 500000 -1  0.055
42 500000 -1  0.056
43 500000 -1  0.055
44 500000 -1  0.055
45 500000 -1  0.059
46 500000 -1  0.055
47 500000 -1  0.055
48 500000 -1  0.056
49 500000 -1  0.055
50 500000 -1  0.054
51 500000 -1  0.058
52 500000 -1  0.056
53 500000 -1  0.057
54 500000 -1  0.054
55 500000 -1  0.054
56 500000 -1  0.064
57 500000 -1  0.06
58 500000 -1  0.055
59 500000 -1  0.056
60 500000 -1  0.054
61 500000 -1  0.056
62 500000 -1  0.056
63 500000 -1  0.054
64 500000 -1  0.055
65 500000 -1  0.055
66 500000 -1  0.057
67 500000 -1  0.055
68 500000 -1  0.053
69 500000 -1  0.061
70 500000 -1  0.06
71 500000 -1  0.057
72 500000 -1  0.056
73 500000 -1  0.055
74 500000 -1  0.055
75 500000 -1  0.056
76 500000 -1  0.059
77 500000 -1  0.055
78 500000 -1  0.055
79 500000 -1  0.056
80 500000 -1  0.056
81 500000 -1  0.056
82 500000 -1  0.054
83 500000 -1  0.054
84 500000 -1  0.056
85 500000 -1  0.054
86 500000 -1  0.057
87 500000 -1  0.056
88 500000 -1  0.056
89 500000 -1  0.056
90 500000 -1  0.062
91 500000 -1  0.055
92 500000 -1  0.055
93 500000 -1  0.055
94 500000 -1  0.059
95 500000 -1  0.055
96 500000 -1  0.053
97 500000 -1  0.058
98 500000 -1  0.056
99 500000 -1  0.055
0 500000 1  0.092
1 500000 1  0.097
2 500000 1  0.091
3 500000 1  0.094
4 500000 1  0.092
5 500000 1  0.092
6 500000 1  0.094
7 500000 1  0.091
8 500000 1  0.091
9 500000 1  0.092
10 500000 1  0.092
11 500000 1  0.094
12 500000 1  0.098
13 500000 1  0.094
14 500000 1  0.09
15 500000 1  0.092
16 500000 1  0.093
17 500000 1  0.094
18 500000 1  0.091
19 500000 1  0.091
20 500000 1  0.093
21 500000 1  0.092
22 500000 1  0.091
23 500000 1  0.092
24 500000 1  0.096
25 500000 1  0.091
26 500000 1  0.091
27 500000 1  0.096
28 500000 1  0.093
29 500000 1  0.089
30 500000 1  0.092
31 500000 1  0.092
32 500000 1  0.095
33 500000 1  0.095
34 500000 1  0.093
35 500000 1  0.098
36 500000 1  0.091
37 500000 1  0.095
38 500000 1  0.108
39 500000 1  0.092
40 500000 1  0.091
41 500000 1  0.093
42 500000 1  0.089
43 500000 1  0.095
44 500000 1  0.09
45 500000 1  0.091
46 500000 1  0.095
47 500000 1  0.092
48 500000 1  0.093
49 500000 1  0.096
50 500000 1  0.092
51 500000 1  0.093
52 500000 1  0.09
53 500000 1  0.092
54 500000 1  0.095
55 500000 1  0.093
56 500000 1  0.093
57 500000 1  0.097
58 500000 1  0.099
59 500000 1  0.105
60 500000 1  0.094
61 500000 1  0.09
62 500000 1  0.092
63 500000 1  0.098
64 500000 1  0.097
65 500000 1  0.093
66 500000 1  0.091
67 500000 1  0.09
68 500000 1  0.093
69 500000 1  0.099
70 500000 1  0.095
71 500000 1  0.092
72 500000 1  0.092
73 500000 1  0.091
74 500000 1  0.091
75 500000 1  0.091
76 500000 1  0.093
77 500000 1  0.09
78 500000 1  0.093
79 500000 1  0.092
80 500000 1  0.101
81 500000 1  0.094
82 500000 1  0.094
83 500000 1  0.091
84 500000 1  0.091
85 500000 1  0.093
86 500000 1  0.093
87 500000 1  0.091
88 500000 1  0.091
89 500000 1  0.093
90 500000 1  0.09
91 500000 1  0.098
92 500000 1  0.094
93 500000 1  0.093
94 500000 1  0.091
95 500000 1  0.092
96 500000 1  0.095
97 500000 1  0.091
98 500000 1  0.09
99 500000 1  0.092
0 500000 0.25  0.089
1 500000 0.25  0.098
2 500000 0.25  0.089
3 500000 0.25  0.097
4 500000 0.25  0.089
5 500000 0.25  0.089
6 500000 0.25  0.086
7 500000 0.25  0.088
8 500000 0.25  0.089
9 500000 0.25  0.091
10 500000 0.25  0.09
11 500000 0.25  0.091
12 500000 0.25  0.094
13 500000 0.25  0.097
14 500000 0.25  0.09
15 500000 0.25  0.089
16 500000 0.25  0.091
17 500000 0.25  0.092
18 500000 0.25  0.09
19 500000 0.25  0.089
20 500000 0.25  0.089
21 500000 0.25  0.091
22 500000 0.25  0.092
23 500000 0.25  0.089
24 500000 0.25  0.094
25 500000 0.25  0.097
26 500000 0.25  0.091
27 500000 0.25  0.089
28 500000 0.25  0.091
29 500000 0.25  0.087
30 500000 0.25  0.089
31 500000 0.25  0.089
32 500000 0.25  0.088
33 500000 0.25  0.089
34 500000 0.25  0.091
35 500000 0.25  0.086
36 500000 0.25  0.094
37 500000 0.25  0.092
38 500000 0.25  0.089
39 500000 0.25  0.089
40 500000 0.25  0.091
41 500000 0.25  0.089
42 500000 0.25  0.09
43 500000 0.25  0.091
44 500000 0.25  0.091
45 500000 0.25  0.09
46 500000 0.25  0.088
47 500000 0.25  0.095
48 500000 0.25  0.098
49 500000 0.25  0.089
50 500000 0.25  0.09
51 500000 0.25  0.088
52 500000 0.25  0.091
53 500000 0.25  0.089
54 500000 0.25  0.091
55 500000 0.25  0.096
56 500000 0.25  0.091
57 500000 0.25  0.087
58 500000 0.25  0.089
59 500000 0.25  0.094
60 500000 0.25  0.092
61 500000 0.25  0.093
62 500000 0.25  0.089
63 500000 0.25  0.089
64 500000 0.25  0.09
65 500000 0.25  0.091
66 500000 0.25  0.092
67 500000 0.25  0.089
68 500000 0.25  0.095
69 500000 0.25  0.089
70 500000 0.25  0.091
71 500000 0.25  0.091
72 500000 0.25  0.096
73 500000 0.25  0.09
74 500000 0.25  0.09
75 500000 0.25  0.09
76 500000 0.25  0.091
77 500000 0.25  0.094
78 500000 0.25  0.087
79 500000 0.25  0.092
80 500000 0.25  0.093
81 500000 0.25  0.093
82 500000 0.25  0.09
83 500000 0.25  0.094
84 500000 0.25  0.095
85 500000 0.25  0.089
86 500000 0.25  0.09
87 500000 0.25  0.093
88 500000 0.25  0.09
89 500000 0.25  0.089
90 500000 0.25  0.1
91 500000 0.25  0.094
92 500000 0.25  0.088
93 500000 0.25  0.09
94 500000 0.25  0.094
95 500000 0.25  0.094
96 500000 0.25  0.088
97 500000 0.25  0.092
98 500000 0.25  0.089
99 500000 0.25  0.089
0 500000 0.5  0.34
1 500000 0.5  0.101
2 500000 0.5  0.588
3 500000 0.5  0.434
4 500000 0.5  0.118
5 500000 0.5  0.426
6 500000 0.5  0.091
7 500000 0.5  0.733
8 500000 0.5  0.099
9 500000 0.5  0.854
10 500000 0.5  0.156
11 500000 0.5  0.1
12 500000 0.5  0.118
13 500000 0.5  0.279
14 500000 0.5  0.135
15 500000 0.5  0.225
16 500000 0.5  0.135
17 500000 0.5  0.126
18 500000 0.5  0.092
19 500000 0.5  0.093
20 500000 0.5  0.137
21 500000 0.5  0.099
22 500000 0.5  0.126
23 500000 0.5  0.113
24 500000 0.5  0.255
25 500000 0.5  0.088
26 500000 0.5  0.088
27 500000 0.5  0.092
28 500000 0.5  0.208
29 500000 0.5  0.149
30 500000 0.5  0.089
31 500000 0.5  0.099
32 500000 0.5  0.132
33 500000 0.5  0.205
34 500000 0.5  0.09
35 500000 0.5  0.872
36 500000 0.5  0.154
37 500000 0.5  0.152
38 500000 0.5  0.361
39 500000 0.5  0.09
40 500000 0.5  0.463
41 500000 0.5  0.129
42 500000 0.5  0.159
43 500000 0.5  0.092
44 500000 0.5  0.134
45 500000 0.5  0.263
46 500000 0.5  0.091
47 500000 0.5  0.212
48 500000 0.5  0.803
49 500000 0.5  0.093
50 500000 0.5  0.103
51 500000 0.5  0.099
52 500000 0.5  0.087
53 500000 0.5  0.121
54 500000 0.5  0.173
55 500000 0.5  0.758
56 500000 0.5  0.103
57 500000 0.5  0.088
58 500000 0.5  0.141
59 500000 0.5  0.555
60 500000 0.5  0.102
61 500000 0.5  0.157
62 500000 0.5  0.71
63 500000 0.5  0.13
64 500000 0.5  0.11
65 500000 0.5  0.116
66 500000 0.5  0.342
67 500000 0.5  0.181
68 500000 0.5  0.117
69 500000 0.5  0.091
70 500000 0.5  0.153
71 500000 0.5  0.103
72 500000 0.5  0.088
73 500000 0.5  0.488
74 500000 0.5  0.1
75 500000 0.5  0.109
76 500000 0.5  0.194
77 500000 0.5  0.09
78 500000 0.5  0.379
79 500000 0.5  1.317
80 500000 0.5  0.546
81 500000 0.5  0.118
82 500000 0.5  0.086
83 500000 0.5  0.092
84 500000 0.5  0.088
85 500000 0.5  0.099
86 500000 0.5  0.635
87 500000 0.5  0.091
88 500000 0.5  0.494
89 500000 0.5  0.093
90 500000 0.5  0.259
91 500000 0.5  0.626
92 500000 0.5  0.419
93 500000 0.5  0.143
94 500000 0.5  0.093
95 500000 0.5  0.107
96 500000 0.5  0.098
97 500000 0.5  1.244
98 500000 0.5  0.481
99 500000 0.5  0.295
0 500000 0.75  0.074
1 500000 0.75  0.089
2 500000 0.75  0.077
3 500000 0.75  0.078
4 500000 0.75  0.076
5 500000 0.75  0.078
6 500000 0.75  0.077
7 500000 0.75  0.077
8 500000 0.75  0.075
9 500000 0.75  0.077
10 500000 0.75  0.076
11 500000 0.75  0.077
12 500000 0.75  0.075
13 500000 0.75  0.08
14 500000 0.75  0.083
15 500000 0.75  0.079
16 500000 0.75  0.078
17 500000 0.75  0.076
18 500000 0.75  0.077
19 500000 0.75  0.084
20 500000 0.75  0.08
21 500000 0.75  0.078
22 500000 0.75  0.078
23 500000 0.75  0.077
24 500000 0.75  0.078
25 500000 0.75  0.076
26 500000 0.75  0.08
27 500000 0.75  0.074
28 500000 0.75  0.084
29 500000 0.75  0.077
30 500000 0.75  0.076
31 500000 0.75  0.08
32 500000 0.75  0.079
33 500000 0.75  0.075
34 500000 0.75  0.076
35 500000 0.75  0.076
36 500000 0.75  0.074
37 500000 0.75  0.075
38 500000 0.75  0.079
39 500000 0.75  0.077
40 500000 0.75  0.076
41 500000 0.75  0.079
42 500000 0.75  0.08
43 500000 0.75  0.08
44 500000 0.75  0.087
45 500000 0.75  0.078
46 500000 0.75  0.076
47 500000 0.75  0.078
48 500000 0.75  0.075
49 500000 0.75  0.079
50 500000 0.75  0.076
51 500000 0.75  0.082
52 500000 0.75  0.076
53 500000 0.75  0.076
54 500000 0.75  0.077
55 500000 0.75  0.082
56 500000 0.75  0.078
57 500000 0.75  0.079
58 500000 0.75  0.078
59 500000 0.75  0.078
60 500000 0.75  0.073
61 500000 0.75  0.078
62 500000 0.75  0.076
63 500000 0.75  0.075
64 500000 0.75  0.079
65 500000 0.75  0.076
66 500000 0.75  0.08
67 500000 0.75  0.079
68 500000 0.75  0.081
69 500000 0.75  0.087
70 500000 0.75  0.08
71 500000 0.75  0.079
72 500000 0.75  0.073
73 500000 0.75  0.075
74 500000 0.75  0.076
75 500000 0.75  0.075
76 500000 0.75  0.079
77 500000 0.75  0.08
78 500000 0.75  0.08
79 500000 0.75  0.081
80 500000 0.75  0.076
81 500000 0.75  0.081
82 500000 0.75  0.082
83 500000 0.75  0.08
84 500000 0.75  0.078
85 500000 0.75  0.075
86 500000 0.75  0.079
87 500000 0.75  0.077
88 500000 0.75  0.076
89 500000 0.75  0.078
90 500000 0.75  0.079
91 500000 0.75  0.076
92 500000 0.75  0.079
93 500000 0.75  0.079
94 500000 0.75  0.083
95 500000 0.75  0.082
96 500000 0.75  0.079
97 500000 0.75  0.076
98 500000 0.75  0.078
99 500000 0.75  0.079
0 500000 0.95  0.067
1 500000 0.95  0.077
2 500000 0.95  0.07
3 500000 0.95  0.072
4 500000 0.95  0.07
5 500000 0.95  0.069
6 500000 0.95  0.071
7 500000 0.95  0.07
8 500000 0.95  0.07
9 500000 0.95  0.071
10 500000 0.95  0.07
11 500000 0.95  0.07
12 500000 0.95  0.07
13 500000 0.95  0.074
14 500000 0.95  0.074
15 500000 0.95  0.073
16 500000 0.95  0.074
17 500000 0.95  0.07
18 500000 0.95  0.069
19 500000 0.95  0.069
20 500000 0.95  0.069
21 500000 0.95  0.072
22 500000 0.95  0.072
23 500000 0.95  0.07
24 500000 0.95  0.07
25 500000 0.95  0.071
26 500000 0.95  0.071
27 500000 0.95  0.068
28 500000 0.95  0.07
29 500000 0.95  0.073
30 500000 0.95  0.074
31 500000 0.95  0.077
32 500000 0.95  0.069
33 500000 0.95  0.074
34 500000 0.95  0.07
35 500000 0.95  0.071
36 500000 0.95  0.071
37 500000 0.95  0.069
38 500000 0.95  0.07
39 500000 0.95  0.071
40 500000 0.95  0.073
41 500000 0.95  0.078
42 500000 0.95  0.073
43 500000 0.95  0.069
44 500000 0.95  0.073
45 500000 0.95  0.079
46 500000 0.95  0.072
47 500000 0.95  0.068
48 500000 0.95  0.069
49 500000 0.95  0.071
50 500000 0.95  0.07
51 500000 0.95  0.07
52 500000 0.95  0.072
53 500000 0.95  0.071
54 500000 0.95  0.07
55 500000 0.95  0.07
56 500000 0.95  0.073
57 500000 0.95  0.071
58 500000 0.95  0.07
59 500000 0.95  0.07
60 500000 0.95  0.075
61 500000 0.95  0.071
62 500000 0.95  0.072
63 500000 0.95  0.073
64 500000 0.95  0.07
65 500000 0.95  0.071
66 500000 0.95  0.071
67 500000 0.95  0.071
68 500000 0.95  0.07
69 500000 0.95  0.071
70 500000 0.95  0.071
71 500000 0.95  0.068
72 500000 0.95  0.072
73 500000 0.95  0.069
74 500000 0.95  0.076
75 500000 0.95  0.072
76 500000 0.95  0.073
77 500000 0.95  0.07
78 500000 0.95  0.07
79 500000 0.95  0.069
80 500000 0.95  0.072
81 500000 0.95  0.069
82 500000 0.95  0.071
83 500000 0.95  0.071
84 500000 0.95  0.07
85 500000 0.95  0.071
86 500000 0.95  0.071
87 500000 0.95  0.072
88 500000 0.95  0.07
89 500000 0.95  0.075
90 500000 0.95  0.072
91 500000 0.95  0.07
92 500000 0.95  0.072
93 500000 0.95  0.07
94 500000 0.95  0.071
95 500000 0.95  0.069
96 500000 0.95  0.074
97 500000 0.95  0.072
98 500000 0.95  0.07
99 500000 0.95  0.069
0 500000 0.99  0.064
1 500000 0.99  0.07
2 500000 0.99  0.064
3 500000 0.99  0.064
4 500000 0.99  0.065
5 500000 0.99  0.066
6 500000 0.99  0.063
7 500000 0.99  0.066
8 500000 0.99  0.063
9 500000 0.99  0.063
10 500000 0.99  0.063
11 500000 0.99  0.066
12 500000 0.99  0.07
13 500000 0.99  0.065
14 500000 0.99  0.062
15 500000 0.99  0.063
16 500000 0.99  0.067
17 500000 0.99  0.068
18 500000 0.99  0.068
19 500000 0.99  0.063
20 500000 0.99  0.066
21 500000 0.99  0.066
22 500000 0.99  0.064
23 500000 0.99  0.063
24 500000 0.99  0.066
25 500000 0.99  0.063
26 500000 0.99  0.062
27 500000 0.99  0.063
28 500000 0.99  0.063
29 500000 0.99  0.063
30 500000 0.99  0.063
31 500000 0.99  0.064
32 500000 0.99  0.065
33 500000 0.99  0.068
34 500000 0.99  0.065
35 500000 0.99  0.064
36 500000 0.99  0.064
37 500000 0.99  0.062
38 500000 0.99  0.064
39 500000 0.99  0.066
40 500000 0.99  0.064
41 500000 0.99  0.064
42 500000 0.99  0.067
43 500000 0.99  0.062
44 500000 0.99  0.065
45 500000 0.99  0.064
46 500000 0.99  0.063
47 500000 0.99  0.063
48 500000 0.99  0.065
49 500000 0.99  0.067
50 500000 0.99  0.069
51 500000 0.99  0.065
52 500000 0.99  0.063
53 500000 0.99  0.063
54 500000 0.99  0.065
55 500000 0.99  0.063
56 500000 0.99  0.064
57 500000 0.99  0.064
58 500000 0.99  0.064
59 500000 0.99  0.063
60 500000 0.99  0.063
61 500000 0.99  0.064
62 500000 0.99  0.064
63 500000 0.99  0.063
64 500000 0.99  0.063
65 500000 0.99  0.064
66 500000 0.99  0.071
67 500000 0.99  0.063
68 500000 0.99  0.062
69 500000 0.99  0.064
70 500000 0.99  0.064
71 500000 0.99  0.063
72 500000 0.99  0.075
73 500000 0.99  0.062
74 500000 0.99  0.062
75 500000 0.99  0.064
76 500000 0.99  0.062
77 500000 0.99  0.065
78 500000 0.99  0.067
79 500000 0.99  0.063
80 500000 0.99  0.064
81 500000 0.99  0.066
82 500000 0.99  0.068
83 500000 0.99  0.063
84 500000 0.99  0.065
85 500000 0.99  0.065
86 500000 0.99  0.062
87 500000 0.99  0.065
88 500000 0.99  0.065
89 500000 0.99  0.065
90 500000 0.99  0.063
91 500000 0.99  0.062
92 500000 0.99  0.064
93 500000 0.99  0.065
94 500000 0.99  0.063
95 500000 0.99  0.063
96 500000 0.99  0.065
97 500000 0.99  0.063
98 500000 0.99  0.068
99 500000 0.99  0.063
0 500000 0.997  0.061
1 500000 0.997  0.068
2 500000 0.997  0.062
3 500000 0.997  0.063
4 500000 0.997  0.06
5 500000 0.997  0.059
6 500000 0.997  0.06
7 500000 0.997  0.061
8 500000 0.997  0.06
9 500000 0.997  0.059
10 500000 0.997  0.06
11 500000 0.997  0.061
12 500000 0.997  0.06
13 500000 0.997  0.061
14 500000 0.997  0.06
15 500000 0.997  0.061
16 500000 0.997  0.062
17 500000 0.997  0.062
18 500000 0.997  0.071
19 500000 0.997  0.063
20 500000 0.997  0.061
21 500000 0.997  0.061
22 500000 0.997  0.061
23 500000 0.997  0.061
24 500000 0.997  0.065
25 500000 0.997  0.061
26 500000 0.997  0.061
27 500000 0.997  0.061
28 500000 0.997  0.06
29 500000 0.997  0.062
30 500000 0.997  0.06
31 500000 0.997  0.061
32 500000 0.997  0.06
33 500000 0.997  0.063
34 500000 0.997  0.06
35 500000 0.997  0.065
36 500000 0.997  0.062
37 500000 0.997  0.061
38 500000 0.997  0.061
39 500000 0.997  0.06
40 500000 0.997  0.061
41 500000 0.997  0.062
42 500000 0.997  0.062
43 500000 0.997  0.064
44 500000 0.997  0.066
45 500000 0.997  0.062
46 500000 0.997  0.062
47 500000 0.997  0.063
48 500000 0.997  0.062
49 500000 0.997  0.067
50 500000 0.997  0.061
51 500000 0.997  0.062
52 500000 0.997  0.065
53 500000 0.997  0.061
54 500000 0.997  0.059
55 500000 0.997  0.061
56 500000 0.997  0.064
57 500000 0.997  0.063
58 500000 0.997  0.06
59 500000 0.997  0.062
60 500000 0.997  0.06
61 500000 0.997  0.062
62 500000 0.997  0.059
63 500000 0.997  0.063
64 500000 0.997  0.06
65 500000 0.997  0.063
66 500000 0.997  0.061
67 500000 0.997  0.06
68 500000 0.997  0.063
69 500000 0.997  0.067
70 500000 0.997  0.062
71 500000 0.997  0.059
72 500000 0.997  0.06
73 500000 0.997  0.063
74 500000 0.997  0.06
75 500000 0.997  0.061
76 500000 0.997  0.063
77 500000 0.997  0.062
78 500000 0.997  0.061
79 500000 0.997  0.063
80 500000 0.997  0.063
81 500000 0.997  0.065
82 500000 0.997  0.062
83 500000 0.997  0.061
84 500000 0.997  0.06
85 500000 0.997  0.066
86 500000 0.997  0.067
87 500000 0.997  0.059
88 500000 0.997  0.062
89 500000 0.997  0.061
90 500000 0.997  0.061
91 500000 0.997  0.061
92 500000 0.997  0.06
93 500000 0.997  0.06
94 500000 0.997  0.061
95 500000 0.997  0.066
96 500000 0.997  0.063
97 500000 0.997  0.061
98 500000 0.997  0.061
99 500000 0.997  0.06
0 100000 -1  0.01
1 100000 -1  0.01
2 100000 -1  0.011
3 100000 -1  0.011
4 100000 -1  0.01
5 100000 -1  0.01
6 100000 -1  0.011
7 100000 -1  0.01
8 100000 -1  0.009
9 100000 -1  0.011
10 100000 -1  0.01
11 100000 -1  0.009
12 100000 -1  0.01
13 100000 -1  0.01
14 100000 -1  0.009
15 100000 -1  0.01
16 100000 -1  0.01
17 100000 -1  0.01
18 100000 -1  0.01
19 100000 -1  0.01
20 100000 -1  0.009
21 100000 -1  0.009
22 100000 -1  0.01
23 100000 -1  0.01
24 100000 -1  0.01
25 100000 -1  0.01
26 100000 -1  0.01
27 100000 -1  0.009
28 100000 -1  0.009
29 100000 -1  0.01
30 100000 -1  0.01
31 100000 -1  0.011
32 100000 -1  0.01
33 100000 -1  0.01
34 100000 -1  0.009
35 100000 -1  0.01
36 100000 -1  0.01
37 100000 -1  0.009
38 100000 -1  0.01
39 100000 -1  0.009
40 100000 -1  0.009
41 100000 -1  0.009
42 100000 -1  0.01
43 100000 -1  0.01
44 100000 -1  0.013
45 100000 -1  0.011
46 100000 -1  0.01
47 100000 -1  0.011
48 100000 -1  0.01
49 100000 -1  0.01
50 100000 -1  0.009
51 100000 -1  0.009
52 100000 -1  0.01
53 100000 -1  0.009
54 100000 -1  0.01
55 100000 -1  0.01
56 100000 -1  0.011
57 100000 -1  0.01
58 100000 -1  0.009
59 100000 -1  0.01
60 100000 -1  0.009
61 100000 -1  0.01
62 100000 -1  0.01
63 100000 -1  0.01
64 100000 -1  0.009
65 100000 -1  0.009
66 100000 -1  0.01
67 100000 -1  0.01
68 100000 -1  0.01
69 100000 -1  0.009
70 100000 -1  0.01
71 100000 -1  0.01
72 100000 -1  0.01
73 100000 -1  0.01
74 100000 -1  0.011
75 100000 -1  0.01
76 100000 -1  0.012
77 100000 -1  0.01
78 100000 -1  0.01
79 100000 -1  0.012
80 100000 -1  0.01
81 100000 -1  0.01
82 100000 -1  0.009
83 100000 -1  0.01
84 100000 -1  0.01
85 100000 -1  0.012
86 100000 -1  0.009
87 100000 -1  0.01
88 100000 -1  0.01
89 100000 -1  0.01
90 100000 -1  0.01
91 100000 -1  0.01
92 100000 -1  0.01
93 100000 -1  0.011
94 100000 -1  0.01
95 100000 -1  0.009
96 100000 -1  0.01
97 100000 -1  0.009
98 100000 -1  0.009
99 100000 -1  0.01
0 100000 1  0.016
1 100000 1  0.016
2 100000 1  0.016
3 100000 1  0.016
4 100000 1  0.017
5 100000 1  0.016
6 100000 1  0.016
7 100000 1  0.016
8 100000 1  0.016
9 100000 1  0.018
10 100000 1  0.017
11 100000 1  0.016
12 100000 1  0.016
13 100000 1  0.015
14 100000 1  0.017
15 100000 1  0.016
16 100000 1  0.016
17 100000 1  0.02
18 100000 1  0.016
19 100000 1  0.018
20 100000 1  0.017
21 100000 1  0.019
22 100000 1  0.016
23 100000 1  0.016
24 100000 1  0.017
25 100000 1  0.015
26 100000 1  0.017
27 100000 1  0.016
28 100000 1  0.017
29 100000 1  0.016
30 100000 1  0.016
31 100000 1  0.016
32 100000 1  0.016
33 100000 1  0.017
34 100000 1  0.015
35 100000 1  0.016
36 100000 1  0.017
37 100000 1  0.015
38 100000 1  0.016
39 100000 1  0.016
40 100000 1  0.016
41 100000 1  0.016
42 100000 1  0.016
43 100000 1  0.016
44 100000 1  0.016
45 100000 1  0.016
46 100000 1  0.016
47 100000 1  0.016
48 100000 1  0.016
49 100000 1  0.016
50 100000 1  0.016
51 100000 1  0.016
52 100000 1  0.016
53 100000 1  0.017
54 100000 1  0.015
55 100000 1  0.018
56 100000 1  0.016
57 100000 1  0.017
58 100000 1  0.017
59 100000 1  0.016
60 100000 1  0.017
61 100000 1  0.016
62 100000 1  0.017
63 100000 1  0.015
64 100000 1  0.017
65 100000 1  0.016
66 100000 1  0.017
67 100000 1  0.018
68 100000 1  0.017
69 100000 1  0.017
70 100000 1  0.019
71 100000 1  0.015
72 100000 1  0.02
73 100000 1  0.017
74 100000 1  0.016
75 100000 1  0.016
76 100000 1  0.017
77 100000 1  0.015
78 100000 1  0.017
79 100000 1  0.016
80 100000 1  0.016
81 100000 1  0.016
82 100000 1  0.016
83 100000 1  0.016
84 100000 1  0.019
85 100000 1  0.017
86 100000 1  0.016
87 100000 1  0.015
88 100000 1  0.016
89 100000 1  0.017
90 100000 1  0.016
91 100000 1  0.016
92 100000 1  0.016
93 100000 1  0.016
94 100000 1  0.016
95 100000 1  0.015
96 100000 1  0.017
97 100000 1  0.016
98 100000 1  0.015
99 100000 1  0.017
0 100000 0.25  0.016
1 100000 0.25  0.018
2 100000 0.25  0.017
3 100000 0.25  0.016
4 100000 0.25  0.016
5 100000 0.25  0.016
6 100000 0.25  0.015
7 100000 0.25  0.015
8 100000 0.25  0.017
9 100000 0.25  0.016
10 100000 0.25  0.016
11 100000 0.25  0.017
12 100000 0.25  0.015
13 100000 0.25  0.016
14 100000 0.25  0.015
15 100000 0.25  0.017
16 100000 0.25  0.021
17 100000 0.25  0.016
18 100000 0.25  0.015
19 100000 0.25  0.016
20 100000 0.25  0.017
21 100000 0.25  0.017
22 100000 0.25  0.017
23 100000 0.25  0.017
24 100000 0.25  0.017
25 100000 0.25  0.016
26 100000 0.25  0.014
27 100000 0.25  0.016
28 100000 0.25  0.016
29 100000 0.25  0.017
30 100000 0.25  0.016
31 100000 0.25  0.015
32 100000 0.25  0.016
33 100000 0.25  0.015
34 100000 0.25  0.016
35 100000 0.25  0.016
36 100000 0.25  0.016
37 100000 0.25  0.016
38 100000 0.25  0.016
39 100000 0.25  0.016
40 100000 0.25  0.017
41 100000 0.25  0.015
42 100000 0.25  0.015
43 100000 0.25  0.015
44 100000 0.25  0.015
45 100000 0.25  0.016
46 100000 0.25  0.016
47 100000 0.25  0.016
48 100000 0.25  0.015
49 100000 0.25  0.016
50 100000 0.25  0.016
51 100000 0.25  0.015
52 100000 0.25  0.017
53 100000 0.25  0.015
54 100000 0.25  0.016
55 100000 0.25  0.015
56 100000 0.25  0.017
57 100000 0.25  0.015
58 100000 0.25  0.016
59 100000 0.25  0.016
60 100000 0.25  0.018
61 100000 0.25  0.015
62 100000 0.25  0.016
63 100000 0.25  0.015
64 100000 0.25  0.016
65 100000 0.25  0.015
66 100000 0.25  0.016
67 100000 0.25  0.015
68 100000 0.25  0.017
69 100000 0.25  0.016
70 100000 0.25  0.017
71 100000 0.25  0.015
72 100000 0.25  0.017
73 100000 0.25  0.015
74 100000 0.25  0.016
75 100000 0.25  0.016
76 100000 0.25  0.015
77 100000 0.25  0.016
78 100000 0.25  0.016
79 100000 0.25  0.017
80 100000 0.25  0.016
81 100000 0.25  0.017
82 100000 0.25  0.017
83 100000 0.25  0.017
84 100000 0.25  0.016
85 100000 0.25  0.017
86 100000 0.25  0.016
87 100000 0.25  0.017
88 100000 0.25  0.015
89 100000 0.25  0.016
90 100000 0.25  0.015
91 100000 0.25  0.016
92 100000 0.25  0.016
93 100000 0.25  0.014
94 100000 0.25  0.018
95 100000 0.25  0.015
96 100000 0.25  0.016
97 100000 0.25  0.016
98 100000 0.25  0.015
99 100000 0.25  0.016
0 100000 0.5  0.109
1 100000 0.5  0.015
2 100000 0.5  0.034
3 100000 0.5  0.016
4 100000 0.5  0.092
5 100000 0.5  0.087
6 100000 0.5  0.016
7 100000 0.5  0.07
8 100000 0.5  0.08
9 100000 0.5  0.095
10 100000 0.5  0.056
11 100000 0.5  0.035
12 100000 0.5  0.046
13 100000 0.5  0.032
14 100000 0.5  0.016
15 100000 0.5  0.016
16 100000 0.5  0.033
17 100000 0.5  0.031
18 100000 0.5  0.149
19 100000 0.5  0.017
20 100000 0.5  0.017
21 100000 0.5  0.176
22 100000 0.5  0.016
23 100000 0.5  0.065
24 100000 0.5  0.126
25 100000 0.5  0.04
26 100000 0.5  0.015
27 100000 0.5  0.02
28 100000 0.5  0.035
29 100000 0.5  0.083
30 100000 0.5  0.017
31 100000 0.5  0.023
32 100000 0.5  0.052
33 100000 0.5  0.022
34 100000 0.5  0.048
35 100000 0.5  0.018
36 100000 0.5  0.021
37 100000 0.5  0.059
38 100000 0.5  0.024
39 100000 0.5  0.021
40 100000 0.5  0.021
41 100000 0.5  0.064
42 100000 0.5  0.017
43 100000 0.5  0.021
44 100000 0.5  0.018
45 100000 0.5  0.026
46 100000 0.5  0.03
47 100000 0.5  0.016
48 100000 0.5  0.017
49 100000 0.5  0.017
50 100000 0.5  0.076
51 100000 0.5  0.015
52 100000 0.5  0.015
53 100000 0.5  0.051
54 100000 0.5  0.049
55 100000 0.5  0.018
56 100000 0.5  0.018
57 100000 0.5  0.018
58 100000 0.5  0.035
59 100000 0.5  0.041
60 100000 0.5  0.028
61 100000 0.5  0.018
62 100000 0.5  0.148
63 100000 0.5  0.046
64 100000 0.5  0.015
65 100000 0.5  0.045
66 100000 0.5  0.028
67 100000 0.5  0.039
68 100000 0.5  0.024
69 100000 0.5  0.052
70 100000 0.5  0.017
71 100000 0.5  0.016
72 100000 0.5  0.031
73 100000 0.5  0.046
74 100000 0.5  0.051
75 100000 0.5  0.016
76 100000 0.5  0.033
77 100000 0.5  0.081
78 100000 0.5  0.018
79 100000 0.5  0.018
80 100000 0.5  0.02
81 100000 0.5  0.018
82 100000 0.5  0.027
83 100000 0.5  0.057
84 100000 0.5  0.054
85 100000 0.5  0.017
86 100000 0.5  0.071
87 100000 0.5  0.093
88 100000 0.5  0.063
89 100000 0.5  0.016
90 100000 0.5  0.017
91 100000 0.5  0.022
92 100000 0.5  0.019
93 100000 0.5  0.02
94 100000 0.5  0.022
95 100000 0.5  0.016
96 100000 0.5  0.017
97 100000 0.5  0.016
98 100000 0.5  0.055
99 100000 0.5  0.018
0 100000 0.75  0.014
1 100000 0.75  0.013
2 100000 0.75  0.015
3 100000 0.75  0.015
4 100000 0.75  0.014
5 100000 0.75  0.014
6 100000 0.75  0.014
7 100000 0.75  0.013
8 100000 0.75  0.013
9 100000 0.75  0.014
10 100000 0.75  0.013
11 100000 0.75  0.014
12 100000 0.75  0.013
13 100000 0.75  0.014
14 100000 0.75  0.015
15 100000 0.75  0.013
16 100000 0.75  0.014
17 100000 0.75  0.014
18 100000 0.75  0.014
19 100000 0.75  0.014
20 100000 0.75  0.014
21 100000 0.75  0.015
22 100000 0.75  0.013
23 100000 0.75  0.014
24 100000 0.75  0.014
25 100000 0.75  0.013
26 100000 0.75  0.014
27 100000 0.75  0.014
28 100000 0.75  0.014
29 100000 0.75  0.014
30 100000 0.75  0.014
31 100000 0.75  0.012
32 100000 0.75  0.015
33 100000 0.75  0.013
34 100000 0.75  0.012
35 100000 0.75  0.014
36 100000 0.75  0.014
37 100000 0.75  0.013
38 100000 0.75  0.015
39 100000 0.75  0.014
40 100000 0.75  0.015
41 100000 0.75  0.013
42 100000 0.75  0.014
43 100000 0.75  0.013
44 100000 0.75  0.014
45 100000 0.75  0.013
46 100000 0.75  0.014
47 100000 0.75  0.013
48 100000 0.75  0.014
49 100000 0.75  0.014
50 100000 0.75  0.015
51 100000 0.75  0.013
52 100000 0.75  0.013
53 100000 0.75  0.015
54 100000 0.75  0.014
55 100000 0.75  0.013
56 100000 0.75  0.015
57 100000 0.75  0.015
58 100000 0.75  0.015
59 100000 0.75  0.013
60 100000 0.75  0.014
61 100000 0.75  0.013
62 100000 0.75  0.015
63 100000 0.75  0.016
64 100000 0.75  0.014
65 100000 0.75  0.016
66 100000 0.75  0.015
67 100000 0.75  0.013
68 100000 0.75  0.018
69 100000 0.75  0.014
70 100000 0.75  0.015
71 100000 0.75  0.015
72 100000 0.75  0.016
73 100000 0.75  0.016
74 100000 0.75  0.014
75 100000 0.75  0.014
76 100000 0.75  0.014
77 100000 0.75  0.015
78 100000 0.75  0.014
79 100000 0.75  0.013
80 100000 0.75  0.015
81 100000 0.75  0.013
82 100000 0.75  0.013
83 100000 0.75  0.015
84 100000 0.75  0.013
85 100000 0.75  0.014
86 100000 0.75  0.013
87 100000 0.75  0.014
88 100000 0.75  0.013
89 100000 0.75  0.015
90 100000 0.75  0.013
91 100000 0.75  0.013
92 100000 0.75  0.013
93 100000 0.75  0.013
94 100000 0.75  0.015
95 100000 0.75  0.013
96 100000 0.75  0.015
97 100000 0.75  0.013
98 100000 0.75  0.016
99 100000 0.75  0.014
0 100000 0.95  0.012
1 100000 0.95  0.013
2 100000 0.95  0.014
3 100000 0.95  0.015
4 100000 0.95  0.013
5 100000 0.95  0.013
6 100000 0.95  0.015
7 100000 0.95  0.012
8 100000 0.95  0.014
9 100000 0.95  0.013
10 100000 0.95  0.011
11 100000 0.95  0.013
12 100000 0.95  0.013
13 100000 0.95  0.013
14 100000 0.95  0.014
15 100000 0.95  0.013
16 100000 0.95  0.012
17 100000 0.95  0.013
18 100000 0.95  0.013
19 100000 0.95  0.012
20 100000 0.95  0.014
21 100000 0.95  0.013
22 100000 0.95  0.015
23 100000 0.95  0.013
24 100000 0.95  0.012
25 100000 0.95  0.014
26 100000 0.95  0.013
27 100000 0.95  0.013
28 100000 0.95  0.013
29 100000 0.95  0.012
30 100000 0.95  0.013
31 100000 0.95  0.015
32 100000 0.95  0.013
33 100000 0.95  0.012
34 100000 0.95  0.012
35 100000 0.95  0.012
36 100000 0.95  0.013
37 100000 0.95  0.013
38 100000 0.95  0.012
39 100000 0.95  0.014
40 100000 0.95  0.011
41 100000 0.95  0.012
42 100000 0.95  0.013
43 100000 0.95  0.013
44 100000 0.95  0.013
45 100000 0.95  0.014
46 100000 0.95  0.014
47 100000 0.95  0.013
48 100000 0.95  0.014
49 100000 0.95  0.014
50 100000 0.95  0.013
51 100000 0.95  0.013
52 100000 0.95  0.013
53 100000 0.95  0.013
54 100000 0.95  0.013
55 100000 0.95  0.014
56 100000 0.95  0.013
57 100000 0.95  0.013
58 100000 0.95  0.013
59 100000 0.95  0.013
60 100000 0.95  0.013
61 100000 0.95  0.012
62 100000 0.95  0.012
63 100000 0.95  0.013
64 100000 0.95  0.012
65 100000 0.95  0.012
66 100000 0.95  0.012
67 100000 0.95  0.016
68 100000 0.95  0.012
69 100000 0.95  0.014
70 100000 0.95  0.014
71 100000 0.95  0.014
72 100000 0.95  0.012
73 100000 0.95  0.014
74 100000 0.95  0.013
75 100000 0.95  0.014
76 100000 0.95  0.014
77 100000 0.95  0.015
78 100000 0.95  0.012
79 100000 0.95  0.012
80 100000 0.95  0.012
81 100000 0.95  0.013
82 100000 0.95  0.012
83 100000 0.95  0.012
84 100000 0.95  0.012
85 100000 0.95  0.012
86 100000 0.95  0.013
87 100000 0.95  0.012
88 100000 0.95  0.013
89 100000 0.95  0.013
90 100000 0.95  0.012
91 100000 0.95  0.012
92 100000 0.95  0.012
93 100000 0.95  0.012
94 100000 0.95  0.012
95 100000 0.95  0.013
96 100000 0.95  0.012
97 100000 0.95  0.013
98 100000 0.95  0.012
99 100000 0.95  0.013
0 100000 0.99  0.01
1 100000 0.99  0.011
2 100000 0.99  0.013
3 100000 0.99  0.012
4 100000 0.99  0.013
5 100000 0.99  0.011
6 100000 0.99  0.012
7 100000 0.99  0.011
8 100000 0.99  0.011
9 100000 0.99  0.011
10 100000 0.99  0.011
11 100000 0.99  0.011
12 100000 0.99  0.011
13 100000 0.99  0.011
14 100000 0.99  0.011
15 100000 0.99  0.01
16 100000 0.99  0.012
17 100000 0.99  0.012
18 100000 0.99  0.011
19 100000 0.99  0.015
20 100000 0.99  0.011
21 100000 0.99  0.013
22 100000 0.99  0.013
23 100000 0.99  0.011
24 100000 0.99  0.011
25 100000 0.99  0.011
26 100000 0.99  0.011
27 100000 0.99  0.01
28 100000 0.99  0.012
29 100000 0.99  0.011
30 100000 0.99  0.011
31 100000 0.99  0.01
32 100000 0.99  0.012
33 100000 0.99  0.011
34 100000 0.99  0.012
35 100000 0.99  0.011
36 100000 0.99  0.011
37 100000 0.99  0.011
38 100000 0.99  0.011
39 100000 0.99  0.011
40 100000 0.99  0.011
41 100000 0.99  0.011
42 100000 0.99  0.012
43 100000 0.99  0.011
44 100000 0.99  0.011
45 100000 0.99  0.011
46 100000 0.99  0.012
47 100000 0.99  0.011
48 100000 0.99  0.011
49 100000 0.99  0.011
50 100000 0.99  0.011
51 100000 0.99  0.012
52 100000 0.99  0.011
53 100000 0.99  0.011
54 100000 0.99  0.011
55 100000 0.99  0.011
56 100000 0.99  0.011
57 100000 0.99  0.011
58 100000 0.99  0.011
59 100000 0.99  0.011
60 100000 0.99  0.011
61 100000 0.99  0.011
62 100000 0.99  0.01
63 100000 0.99  0.011
64 100000 0.99  0.011
65 100000 0.99  0.01
66 100000 0.99  0.011
67 100000 0.99  0.011
68 100000 0.99  0.012
69 100000 0.99  0.011
70 100000 0.99  0.012
71 100000 0.99  0.012
72 100000 0.99  0.011
73 100000 0.99  0.012
74 100000 0.99  0.011
75 100000 0.99  0.011
76 100000 0.99  0.012
77 100000 0.99  0.012
78 100000 0.99  0.011
79 100000 0.99  0.013
80 100000 0.99  0.011
81 100000 0.99  0.012
82 100000 0.99  0.012
83 100000 0.99  0.012
84 100000 0.99  0.013
85 100000 0.99  0.012
86 100000 0.99  0.013
87 100000 0.99  0.01
88 100000 0.99  0.012
89 100000 0.99  0.011
90 100000 0.99  0.012
91 100000 0.99  0.012
92 100000 0.99  0.013
93 100000 0.99  0.013
94 100000 0.99  0.011
95 100000 0.99  0.012
96 100000 0.99  0.01
97 100000 0.99  0.013
98 100000 0.99  0.01
99 100000 0.99  0.012
0 100000 0.997  0.01
1 100000 0.997  0.01
2 100000 0.997  0.014
3 100000 0.997  0.012
4 100000 0.997  0.014
5 100000 0.997  0.012
6 100000 0.997  0.015
7 100000 0.997  0.013
8 100000 0.997  0.012
9 100000 0.997  0.013
10 100000 0.997  0.011
11 100000 0.997  0.015
12 100000 0.997  0.011
13 100000 0.997  0.011
14 100000 0.997  0.011
15 100000 0.997  0.013
16 100000 0.997  0.012
17 100000 0.997  0.01
18 100000 0.997  0.01
19 100000 0.997  0.011
20 100000 0.997  0.01
21 100000 0.997  0.011
22 100000 0.997  0.011
23 100000 0.997  0.011
24 100000 0.997  0.011
25 100000 0.997  0.01
26 100000 0.997  0.011
27 100000 0.997  0.01
28 100000 0.997  0.011
29 100000 0.997  0.01
30 100000 0.997  0.01
31 100000 0.997  0.01
32 100000 0.997  0.01
33 100000 0.997  0.011
34 100000 0.997  0.01
35 100000 0.997  0.012
36 100000 0.997  0.01
37 100000 0.997  0.01
38 100000 0.997  0.01
39 100000 0.997  0.011
40 100000 0.997  0.012
41 100000 0.997  0.011
42 100000 0.997  0.011
43 100000 0.997  0.01
44 100000 0.997  0.01
45 100000 0.997  0.011
46 100000 0.997  0.012
47 100000 0.997  0.011
48 100000 0.997  0.01
49 100000 0.997  0.011
50 100000 0.997  0.01
51 100000 0.997  0.01
52 100000 0.997  0.01
53 100000 0.997  0.012
54 100000 0.997  0.01
55 100000 0.997  0.011
56 100000 0.997  0.01
57 100000 0.997  0.011
58 100000 0.997  0.011
59 100000 0.997  0.01
60 100000 0.997  0.01
61 100000 0.997  0.011
62 100000 0.997  0.011
63 100000 0.997  0.011
64 100000 0.997  0.01
65 100000 0.997  0.011
66 100000 0.997  0.011
67 100000 0.997  0.011
68 100000 0.997  0.01
69 100000 0.997  0.011
70 100000 0.997  0.01
71 100000 0.997  0.011
72 100000 0.997  0.01
73 100000 0.997  0.011
74 100000 0.997  0.011
75 100000 0.997  0.01
76 100000 0.997  0.01
77 100000 0.997  0.011
78 100000 0.997  0.011
79 100000 0.997  0.011
80 100000 0.997  0.01
81 100000 0.997  0.01
82 100000 0.997  0.011
83 100000 0.997  0.014
84 100000 0.997  0.011
85 100000 0.997  0.013
86 100000 0.997  0.011
87 100000 0.997  0.017
88 100000 0.997  0.012
89 100000 0.997  0.011
90 100000 0.997  0.011
91 100000 0.997  0.01
92 100000 0.997  0.01
93 100000 0.997  0.011
94 100000 0.997  0.01
95 100000 0.997  0.011
96 100000 0.997  0.01
97 100000 0.997  0.011
98 100000 0.997  0.01
99 100000 0.997  0.011
0 50000 -1  0.006
1 50000 -1  0.005
2 50000 -1  0.004
3 50000 -1  0.004
4 50000 -1  0.004
5 50000 -1  0.004
6 50000 -1  0.004
7 50000 -1  0.005
8 50000 -1  0.005
9 50000 -1  0.006
10 50000 -1  0.004
11 50000 -1  0.005
12 50000 -1  0.005
13 50000 -1  0.004
14 50000 -1  0.005
15 50000 -1  0.006
16 50000 -1  0.005
17 50000 -1  0.005
18 50000 -1  0.005
19 50000 -1  0.005
20 50000 -1  0.006
21 50000 -1  0.004
22 50000 -1  0.005
23 50000 -1  0.005
24 50000 -1  0.005
25 50000 -1  0.005
26 50000 -1  0.004
27 50000 -1  0.004
28 50000 -1  0.005
29 50000 -1  0.004
30 50000 -1  0.005
31 50000 -1  0.004
32 50000 -1  0.005
33 50000 -1  0.004
34 50000 -1  0.004
35 50000 -1  0.004
36 50000 -1  0.005
37 50000 -1  0.005
38 50000 -1  0.005
39 50000 -1  0.004
40 50000 -1  0.005
41 50000 -1  0.004
42 50000 -1  0.005
43 50000 -1  0.006
44 50000 -1  0.004
45 50000 -1  0.006
46 50000 -1  0.004
47 50000 -1  0.005
48 50000 -1  0.005
49 50000 -1  0.005
50 50000 -1  0.004
51 50000 -1  0.005
52 50000 -1  0.005
53 50000 -1  0.005
54 50000 -1  0.005
55 50000 -1  0.005
56 50000 -1  0.004
57 50000 -1  0.005
58 50000 -1  0.005
59 50000 -1  0.004
60 50000 -1  0.004
61 50000 -1  0.004
62 50000 -1  0.005
63 50000 -1  0.004
64 50000 -1  0.004
65 50000 -1  0.005
66 50000 -1  0.004
67 50000 -1  0.005
68 50000 -1  0.005
69 50000 -1  0.005
70 50000 -1  0.005
71 50000 -1  0.005
72 50000 -1  0.005
73 50000 -1  0.004
74 50000 -1  0.004
75 50000 -1  0.006
76 50000 -1  0.005
77 50000 -1  0.005
78 50000 -1  0.005
79 50000 -1  0.005
80 50000 -1  0.005
81 50000 -1  0.005
82 50000 -1  0.005
83 50000 -1  0.004
84 50000 -1  0.005
85 50000 -1  0.005
86 50000 -1  0.005
87 50000 -1  0.005
88 50000 -1  0.004
89 50000 -1  0.005
90 50000 -1  0.005
91 50000 -1  0.005
92 50000 -1  0.005
93 50000 -1  0.005
94 50000 -1  0.004
95 50000 -1  0.004
96 50000 -1  0.004
97 50000 -1  0.005
98 50000 -1  0.005
99 50000 -1  0.005
0 50000 1  0.007
1 50000 1  0.008
2 50000 1  0.008
3 50000 1  0.007
4 50000 1  0.007
5 50000 1  0.008
6 50000 1  0.008
7 50000 1  0.007
8 50000 1  0.008
9 50000 1  0.008
10 50000 1  0.008
11 50000 1  0.007
12 50000 1  0.008
13 50000 1  0.008
14 50000 1  0.008
15 50000 1  0.007
16 50000 1  0.008
17 50000 1  0.007
18 50000 1  0.008
19 50000 1  0.007
20 50000 1  0.008
21 50000 1  0.008
22 50000 1  0.007
23 50000 1  0.008
24 50000 1  0.008
25 50000 1  0.007
26 50000 1  0.008
27 50000 1  0.008
28 50000 1  0.008
29 50000 1  0.008
30 50000 1  0.008
31 50000 1  0.007
32 50000 1  0.008
33 50000 1  0.007
34 50000 1  0.008
35 50000 1  0.007
36 50000 1  0.008
37 50000 1  0.008
38 50000 1  0.008
39 50000 1  0.007
40 50000 1  0.008
41 50000 1  0.008
42 50000 1  0.007
43 50000 1  0.008
44 50000 1  0.008
45 50000 1  0.007
46 50000 1  0.008
47 50000 1  0.009
48 50000 1  0.009
49 50000 1  0.008
50 50000 1  0.009
51 50000 1  0.007
52 50000 1  0.009
53 50000 1  0.008
54 50000 1  0.007
55 50000 1  0.008
56 50000 1  0.008
57 50000 1  0.008
58 50000 1  0.006
59 50000 1  0.008
60 50000 1  0.008
61 50000 1  0.008
62 50000 1  0.007
63 50000 1  0.007
64 50000 1  0.007
65 50000 1  0.008
66 50000 1  0.008
67 50000 1  0.008
68 50000 1  0.008
69 50000 1  0.007
70 50000 1  0.008
71 50000 1  0.007
72 50000 1  0.007
73 50000 1  0.009
74 50000 1  0.007
75 50000 1  0.008
76 50000 1  0.008
77 50000 1  0.008
78 50000 1  0.008
79 50000 1  0.007
80 50000 1  0.009
81 50000 1  0.009
82 50000 1  0.009
83 50000 1  0.008
84 50000 1  0.008
85 50000 1  0.007
86 50000 1  0.008
87 50000 1  0.008
88 50000 1  0.008
89 50000 1  0.008
90 50000 1  0.007
91 50000 1  0.008
92 50000 1  0.007
93 50000 1  0.008
94 50000 1  0.007
95 50000 1  0.008
96 50000 1  0.007
97 50000 1  0.008
98 50000 1  0.009
99 50000 1  0.008
0 50000 0.25  0.009
1 50000 0.25  0.007
2 50000 0.25  0.013
3 50000 0.25  0.008
4 50000 0.25  0.007
5 50000 0.25  0.007
6 50000 0.25  0.007
7 50000 0.25  0.007
8 50000 0.25  0.007
9 50000 0.25  0.008
10 50000 0.25  0.008
11 50000 0.25  0.007
12 50000 0.25  0.008
13 50000 0.25  0.007
14 50000 0.25  0.008
15 50000 0.25  0.007
16 50000 0.25  0.007
17 50000 0.25  0.008
18 50000 0.25  0.007
19 50000 0.25  0.008
20 50000 0.25  0.007
21 50000 0.25  0.008
22 50000 0.25  0.007
23 50000 0.25  0.007
24 50000 0.25  0.009
25 50000 0.25  0.008
26 50000 0.25  0.007
27 50000 0.25  0.007
28 50000 0.25  0.008
29 50000 0.25  0.006
30 50000 0.25  0.007
31 50000 0.25  0.007
32 50000 0.25  0.009
33 50000 0.25  0.008
34 50000 0.25  0.008
35 50000 0.25  0.008
36 50000 0.25  0.01
37 50000 0.25  0.01
38 50000 0.25  0.008
39 50000 0.25  0.007
40 50000 0.25  0.008
41 50000 0.25  0.007
42 50000 0.25  0.008
43 50000 0.25  0.008
44 50000 0.25  0.007
45 50000 0.25  0.008
46 50000 0.25  0.007
47 50000 0.25  0.007
48 50000 0.25  0.008
49 50000 0.25  0.008
50 50000 0.25  0.007
51 50000 0.25  0.007
52 50000 0.25  0.008
53 50000 0.25  0.008
54 50000 0.25  0.007
55 50000 0.25  0.007
56 50000 0.25  0.008
57 50000 0.25  0.007
58 50000 0.25  0.008
59 50000 0.25  0.009
60 50000 0.25  0.007
61 50000 0.25  0.007
62 50000 0.25  0.009
63 50000 0.25  0.008
64 50000 0.25  0.007
65 50000 0.25  0.007
66 50000 0.25  0.008
67 50000 0.25  0.008
68 50000 0.25  0.008
69 50000 0.25  0.007
70 50000 0.25  0.007
71 50000 0.25  0.008
72 50000 0.25  0.007
73 50000 0.25  0.007
74 50000 0.25  0.007
75 50000 0.25  0.008
76 50000 0.25  0.008
77 50000 0.25  0.008
78 50000 0.25  0.007
79 50000 0.25  0.008
80 50000 0.25  0.008
81 50000 0.25  0.008
82 50000 0.25  0.007
83 50000 0.25  0.009
84 50000 0.25  0.008
85 50000 0.25  0.007
86 50000 0.25  0.008
87 50000 0.25  0.006
88 50000 0.25  0.008
89 50000 0.25  0.008
90 50000 0.25  0.008
91 50000 0.25  0.007
92 50000 0.25  0.006
93 50000 0.25  0.007
94 50000 0.25  0.008
95 50000 0.25  0.009
96 50000 0.25  0.008
97 50000 0.25  0.007
98 50000 0.25  0.007
99 50000 0.25  0.007
0 50000 0.5  0.011
1 50000 0.5  0.009
2 50000 0.5  0.008
3 50000 0.5  0.023
4 50000 0.5  0.01
5 50000 0.5  0.017
6 50000 0.5  0.007
7 50000 0.5  0.019
8 50000 0.5  0.02
9 50000 0.5  0.016
10 50000 0.5  0.008
11 50000 0.5  0.008
12 50000 0.5  0.007
13 50000 0.5  0.008
14 50000 0.5  0.011
15 50000 0.5  0.008
16 50000 0.5  0.017
17 50000 0.5  0.014
18 50000 0.5  0.007
19 50000 0.5  0.009
20 50000 0.5  0.03
21 50000 0.5  0.015
22 50000 0.5  0.008
23 50000 0.5  0.009
24 50000 0.5  0.018
25 50000 0.5  0.008
26 50000 0.5  0.009
27 50000 0.5  0.011
28 50000 0.5  0.008
29 50000 0.5  0.035
30 50000 0.5  0.008
31 50000 0.5  0.013
32 50000 0.5  0.061
33 50000 0.5  0.011
34 50000 0.5  0.046
35 50000 0.5  0.011
36 50000 0.5  0.021
37 50000 0.5  0.021
38 50000 0.5  0.023
39 50000 0.5  0.028
40 50000 0.5  0.011
41 50000 0.5  0.008
42 50000 0.5  0.012
43 50000 0.5  0.009
44 50000 0.5  0.009
45 50000 0.5  0.035
46 50000 0.5  0.009
47 50000 0.5  0.009
48 50000 0.5  0.011
49 50000 0.5  0.014
50 50000 0.5  0.008
51 50000 0.5  0.007
52 50000 0.5  0.01
53 50000 0.5  0.016
54 50000 0.5  0.027
55 50000 0.5  0.008
56 50000 0.5  0.007
57 50000 0.5  0.02
58 50000 0.5  0.039
59 50000 0.5  0.007
60 50000 0.5  0.014
61 50000 0.5  0.014
62 50000 0.5  0.042
63 50000 0.5  0.016
64 50000 0.5  0.015
65 50000 0.5  0.008
66 50000 0.5  0.014
67 50000 0.5  0.007
68 50000 0.5  0.009
69 50000 0.5  0.009
70 50000 0.5  0.019
71 50000 0.5  0.008
72 50000 0.5  0.009
73 50000 0.5  0.023
74 50000 0.5  0.038
75 50000 0.5  0.011
76 50000 0.5  0.039
77 50000 0.5  0.009
78 50000 0.5  0.008
79 50000 0.5  0.01
80 50000 0.5  0.011
81 50000 0.5  0.052
82 50000 0.5  0.012
83 50000 0.5  0.007
84 50000 0.5  0.032
85 50000 0.5  0.008
86 50000 0.5  0.012
87 50000 0.5  0.016
88 50000 0.5  0.011
89 50000 0.5  0.022
90 50000 0.5  0.01
91 50000 0.5  0.008
92 50000 0.5  0.011
93 50000 0.5  0.022
94 50000 0.5  0.008
95 50000 0.5  0.014
96 50000 0.5  0.011
97 50000 0.5  0.009
98 50000 0.5  0.008
99 50000 0.5  0.008
0 50000 0.75  0.006
1 50000 0.75  0.007
2 50000 0.75  0.006
3 50000 0.75  0.007
4 50000 0.75  0.006
5 50000 0.75  0.007
6 50000 0.75  0.006
7 50000 0.75  0.007
8 50000 0.75  0.007
9 50000 0.75  0.007
10 50000 0.75  0.007
11 50000 0.75  0.007
12 50000 0.75  0.006
13 50000 0.75  0.007
14 50000 0.75  0.006
15 50000 0.75  0.007
16 50000 0.75  0.005
17 50000 0.75  0.007
18 50000 0.75  0.007
19 50000 0.75  0.006
20 50000 0.75  0.006
21 50000 0.75  0.008
22 50000 0.75  0.009
23 50000 0.75  0.008
24 50000 0.75  0.007
25 50000 0.75  0.007
26 50000 0.75  0.007
27 50000 0.75  0.007
28 50000 0.75  0.007
29 50000 0.75  0.007
30 50000 0.75  0.006
31 50000 0.75  0.007
32 50000 0.75  0.007
33 50000 0.75  0.006
34 50000 0.75  0.007
35 50000 0.75  0.006
36 50000 0.75  0.006
37 50000 0.75  0.006
38 50000 0.75  0.007
39 50000 0.75  0.006
40 50000 0.75  0.006
41 50000 0.75  0.007
42 50000 0.75  0.006
43 50000 0.75  0.007
44 50000 0.75  0.007
45 50000 0.75  0.006
46 50000 0.75  0.006
47 50000 0.75  0.007
48 50000 0.75  0.006
49 50000 0.75  0.007
50 50000 0.75  0.006
51 50000 0.75  0.007
52 50000 0.75  0.006
53 50000 0.75  0.006
54 50000 0.75  0.006
55 50000 0.75  0.006
56 50000 0.75  0.007
57 50000 0.75  0.006
58 50000 0.75  0.007
59 50000 0.75  0.006
60 50000 0.75  0.007
61 50000 0.75  0.007
62 50000 0.75  0.006
63 50000 0.75  0.006
64 50000 0.75  0.006
65 50000 0.75  0.005
66 50000 0.75  0.006
67 50000 0.75  0.007
68 50000 0.75  0.006
69 50000 0.75  0.006
70 50000 0.75  0.007
71 50000 0.75  0.006
72 50000 0.75  0.007
73 50000 0.75  0.007
74 50000 0.75  0.006
75 50000 0.75  0.006
76 50000 0.75  0.006
77 50000 0.75  0.006
78 50000 0.75  0.007
79 50000 0.75  0.006
80 50000 0.75  0.006
81 50000 0.75  0.006
82 50000 0.75  0.008
83 50000 0.75  0.007
84 50000 0.75  0.006
85 50000 0.75  0.006
86 50000 0.75  0.007
87 50000 0.75  0.006
88 50000 0.75  0.006
89 50000 0.75  0.006
90 50000 0.75  0.008
91 50000 0.75  0.006
92 50000 0.75  0.007
93 50000 0.75  0.007
94 50000 0.75  0.006
95 50000 0.75  0.007
96 50000 0.75  0.007
97 50000 0.75  0.006
98 50000 0.75  0.007
99 50000 0.75  0.006
0 50000 0.95  0.006
1 50000 0.95  0.006
2 50000 0.95  0.006
3 50000 0.95  0.006
4 50000 0.95  0.006
5 50000 0.95  0.005
6 50000 0.95  0.006
7 50000 0.95  0.006
8 50000 0.95  0.005
9 50000 0.95  0.006
10 50000 0.95  0.006
11 50000 0.95  0.005
12 50000 0.95  0.006
13 50000 0.95  0.006
14 50000 0.95  0.007
15 50000 0.95  0.007
16 50000 0.95  0.006
17 50000 0.95  0.006
18 50000 0.95  0.006
19 50000 0.95  0.006
20 50000 0.95  0.006
21 50000 0.95  0.007
22 50000 0.95  0.007
23 50000 0.95  0.006
24 50000 0.95  0.006
25 50000 0.95  0.005
26 50000 0.95  0.007
27 50000 0.95  0.006
28 50000 0.95  0.006
29 50000 0.95  0.005
30 50000 0.95  0.006
31 50000 0.95  0.005
32 50000 0.95  0.005
33 50000 0.95  0.006
34 50000 0.95  0.006
35 50000 0.95  0.006
36 50000 0.95  0.005
37 50000 0.95  0.005
38 50000 0.95  0.006
39 50000 0.95  0.005
40 50000 0.95  0.006
41 50000 0.95  0.007
42 50000 0.95  0.007
43 50000 0.95  0.006
44 50000 0.95  0.006
45 50000 0.95  0.006
46 50000 0.95  0.007
47 50000 0.95  0.007
48 50000 0.95  0.006
49 50000 0.95  0.007
50 50000 0.95  0.006
51 50000 0.95  0.006
52 50000 0.95  0.005
53 50000 0.95  0.006
54 50000 0.95  0.006
55 50000 0.95  0.006
56 50000 0.95  0.007
57 50000 0.95  0.006
58 50000 0.95  0.005
59 50000 0.95  0.006
60 50000 0.95  0.007
61 50000 0.95  0.005
62 50000 0.95  0.006
63 50000 0.95  0.006
64 50000 0.95  0.007
65 50000 0.95  0.006
66 50000 0.95  0.005
67 50000 0.95  0.007
68 50000 0.95  0.006
69 50000 0.95  0.006
70 50000 0.95  0.006
71 50000 0.95  0.006
72 50000 0.95  0.006
73 50000 0.95  0.006
74 50000 0.95  0.006
75 50000 0.95  0.006
76 50000 0.95  0.006
77 50000 0.95  0.006
78 50000 0.95  0.006
79 50000 0.95  0.006
80 50000 0.95  0.006
81 50000 0.95  0.005
82 50000 0.95  0.007
83 50000 0.95  0.006
84 50000 0.95  0.005
85 50000 0.95  0.007
86 50000 0.95  0.006
87 50000 0.95  0.006
88 50000 0.95  0.006
89 50000 0.95  0.006
90 50000 0.95  0.006
91 50000 0.95  0.005
92 50000 0.95  0.006
93 50000 0.95  0.006
94 50000 0.95  0.005
95 50000 0.95  0.006
96 50000 0.95  0.006
97 50000 0.95  0.005
98 50000 0.95  0.006
99 50000 0.95  0.006
0 50000 0.99  0.006
1 50000 0.99  0.005
2 50000 0.99  0.006
3 50000 0.99  0.006
4 50000 0.99  0.005
5 50000 0.99  0.005
6 50000 0.99  0.004
7 50000 0.99  0.007
8 50000 0.99  0.004
9 50000 0.99  0.006
10 50000 0.99  0.005
11 50000 0.99  0.006
12 50000 0.99  0.005
13 50000 0.99  0.005
14 50000 0.99  0.005
15 50000 0.99  0.005
16 50000 0.99  0.006
17 50000 0.99  0.005
18 50000 0.99  0.005
19 50000 0.99  0.005
20 50000 0.99  0.005
21 50000 0.99  0.005
22 50000 0.99  0.007
23 50000 0.99  0.005
24 50000 0.99  0.005
25 50000 0.99  0.005
26 50000 0.99  0.005
27 50000 0.99  0.005
28 50000 0.99  0.005
29 50000 0.99  0.005
30 50000 0.99  0.005
31 50000 0.99  0.005
32 50000 0.99  0.006
33 50000 0.99  0.006
34 50000 0.99  0.005
35 50000 0.99  0.005
36 50000 0.99  0.006
37 50000 0.99  0.005
38 50000 0.99  0.006
39 50000 0.99  0.005
40 50000 0.99  0.004
41 50000 0.99  0.006
42 50000 0.99  0.004
43 50000 0.99  0.006
44 50000 0.99  0.006
45 50000 0.99  0.005
46 50000 0.99  0.006
47 50000 0.99  0.005
48 50000 0.99  0.005
49 50000 0.99  0.005
50 50000 0.99  0.005
51 50000 0.99  0.005
52 50000 0.99  0.006
53 50000 0.99  0.005
54 50000 0.99  0.005
55 50000 0.99  0.005
56 50000 0.99  0.005
57 50000 0.99  0.006
58 50000 0.99  0.005
59 50000 0.99  0.005
60 50000 0.99  0.005
61 50000 0.99  0.005
62 50000 0.99  0.006
63 50000 0.99  0.005
64 50000 0.99  0.006
65 50000 0.99  0.005
66 50000 0.99  0.005
67 50000 0.99  0.006
68 50000 0.99  0.005
69 50000 0.99  0.005
70 50000 0.99  0.006
71 50000 0.99  0.006
72 50000 0.99  0.005
73 50000 0.99  0.006
74 50000 0.99  0.006
75 50000 0.99  0.005
76 50000 0.99  0.005
77 50000 0.99  0.006
78 50000 0.99  0.007
79 50000 0.99  0.005
80 50000 0.99  0.005
81 50000 0.99  0.006
82 50000 0.99  0.005
83 50000 0.99  0.006
84 50000 0.99  0.004
85 50000 0.99  0.006
86 50000 0.99  0.005
87 50000 0.99  0.005
88 50000 0.99  0.007
89 50000 0.99  0.005
90 50000 0.99  0.005
91 50000 0.99  0.006
92 50000 0.99  0.005
93 50000 0.99  0.005
94 50000 0.99  0.006
95 50000 0.99  0.006
96 50000 0.99  0.005
97 50000 0.99  0.005
98 50000 0.99  0.005
99 50000 0.99  0.005
0 50000 0.997  0.005
1 50000 0.997  0.005
2 50000 0.997  0.005
3 50000 0.997  0.005
4 50000 0.997  0.004
5 50000 0.997  0.005
6 50000 0.997  0.006
7 50000 0.997  0.004
8 50000 0.997  0.005
9 50000 0.997  0.005
10 50000 0.997  0.005
11 50000 0.997  0.005
12 50000 0.997  0.005
13 50000 0.997  0.006
14 50000 0.997  0.004
15 50000 0.997  0.006
16 50000 0.997  0.005
17 50000 0.997  0.004
18 50000 0.997  0.005
19 50000 0.997  0.005
20 50000 0.997  0.005
21 50000 0.997  0.005
22 50000 0.997  0.005
23 50000 0.997  0.005
24 50000 0.997  0.005
25 50000 0.997  0.005
26 50000 0.997  0.005
27 50000 0.997  0.005
28 50000 0.997  0.006
29 50000 0.997  0.006
30 50000 0.997  0.005
31 50000 0.997  0.005
32 50000 0.997  0.005
33 50000 0.997  0.006
34 50000 0.997  0.006
35 50000 0.997  0.005
36 50000 0.997  0.005
37 50000 0.997  0.006
38 50000 0.997  0.005
39 50000 0.997  0.005
40 50000 0.997  0.007
41 50000 0.997  0.005
42 50000 0.997  0.008
43 50000 0.997  0.005
44 50000 0.997  0.005
45 50000 0.997  0.005
46 50000 0.997  0.005
47 50000 0.997  0.005
48 50000 0.997  0.005
49 50000 0.997  0.005
50 50000 0.997  0.005
51 50000 0.997  0.005
52 50000 0.997  0.005
53 50000 0.997  0.006
54 50000 0.997  0.005
55 50000 0.997  0.005
56 50000 0.997  0.006
57 50000 0.997  0.005
58 50000 0.997  0.005
59 50000 0.997  0.006
60 50000 0.997  0.006
61 50000 0.997  0.006
62 50000 0.997  0.007
63 50000 0.997  0.006
64 50000 0.997  0.004
65 50000 0.997  0.005
66 50000 0.997  0.006
67 50000 0.997  0.005
68 50000 0.997  0.005
69 50000 0.997  0.005
70 50000 0.997  0.005
71 50000 0.997  0.004
72 50000 0.997  0.005
73 50000 0.997  0.005
74 50000 0.997  0.004
75 50000 0.997  0.005
76 50000 0.997  0.005
77 50000 0.997  0.006
78 50000 0.997  0.004
79 50000 0.997  0.005
80 50000 0.997  0.006
81 50000 0.997  0.005
82 50000 0.997  0.005
83 50000 0.997  0.004
84 50000 0.997  0.005
85 50000 0.997  0.005
86 50000 0.997  0.004
87 50000 0.997  0.006
88 50000 0.997  0.005
89 50000 0.997  0.005
90 50000 0.997  0.005
91 50000 0.997  0.004
92 50000 0.997  0.004
93 50000 0.997  0.005
94 50000 0.997  0.006
95 50000 0.997  0.005
96 50000 0.997  0.005
97 50000 0.997  0.006
98 50000 0.997  0.004
99 50000 0.997  0.006
0 10000 -1  0.001
1 10000 -1  0.001
2 10000 -1  0.001
3 10000 -1  0.001
4 10000 -1  0.001
5 10000 -1  0.001
6 10000 -1  0.001
7 10000 -1  0
8 10000 -1  0.001
9 10000 -1  0.001
10 10000 -1  0
11 10000 -1  0.001
12 10000 -1  0.001
13 10000 -1  0.001
14 10000 -1  0.001
15 10000 -1  0.001
16 10000 -1  0.001
17 10000 -1  0.001
18 10000 -1  0
19 10000 -1  0.001
20 10000 -1  0.001
21 10000 -1  0.001
22 10000 -1  0.001
23 10000 -1  0.001
24 10000 -1  0.001
25 10000 -1  0.001
26 10000 -1  0
27 10000 -1  0.001
28 10000 -1  0.001
29 10000 -1  0
30 10000 -1  0.001
31 10000 -1  0.001
32 10000 -1  0
33 10000 -1  0.001
34 10000 -1  0.001
35 10000 -1  0.001
36 10000 -1  0.001
37 10000 -1  0.001
38 10000 -1  0.001
39 10000 -1  0.001
40 10000 -1  0.001
41 10000 -1  0.001
42 10000 -1  0.001
43 10000 -1  0.001
44 10000 -1  0.001
45 10000 -1  0.001
46 10000 -1  0.001
47 10000 -1  0.001
48 10000 -1  0.001
49 10000 -1  0.001
50 10000 -1  0.001
51 10000 -1  0
52 10000 -1  0.001
53 10000 -1  0.001
54 10000 -1  0
55 10000 -1  0.001
56 10000 -1  0.001
57 10000 -1  0.001
58 10000 -1  0.001
59 10000 -1  0.001
60 10000 -1  0.001
61 10000 -1  0.001
62 10000 -1  0.001
63 10000 -1  0.001
64 10000 -1  0.001
65 10000 -1  0.001
66 10000 -1  0.001
67 10000 -1  0.001
68 10000 -1  0.001
69 10000 -1  0.001
70 10000 -1  0
71 10000 -1  0
72 10000 -1  0.001
73 10000 -1  0.001
74 10000 -1  0.001
75 10000 -1  0.001
76 10000 -1  0.001
77 10000 -1  0.001
78 10000 -1  0.001
79 10000 -1  0.001
80 10000 -1  0.001
81 10000 -1  0.001
82 10000 -1  0.001
83 10000 -1  0.001
84 10000 -1  0
85 10000 -1  0.001
86 10000 -1  0.001
87 10000 -1  0
88 10000 -1  0
89 10000 -1  0.001
90 10000 -1  0.001
91 10000 -1  0.001
92 10000 -1  0.001
93 10000 -1  0.001
94 10000 -1  0.001
95 10000 -1  0.001
96 10000 -1  0
97 10000 -1  0.001
98 10000 -1  0.001
99 10000 -1  0.001
0 10000 1  0.001
1 10000 1  0.001
2 10000 1  0.002
3 10000 1  0.002
4 10000 1  0.004
5 10000 1  0.002
6 10000 1  0.001
7 10000 1  0.002
8 10000 1  0.001
9 10000 1  0.001
10 10000 1  0.001
11 10000 1  0.002
12 10000 1  0.001
13 10000 1  0.001
14 10000 1  0.002
15 10000 1  0.001
16 10000 1  0.001
17 10000 1  0.001
18 10000 1  0.001
19 10000 1  0.002
20 10000 1  0.001
21 10000 1  0.001
22 10000 1  0.001
23 10000 1  0.001
24 10000 1  0.001
25 10000 1  0.002
26 10000 1  0.002
27 10000 1  0.001
28 10000 1  0.002
29 10000 1  0.002
30 10000 1  0.001
31 10000 1  0.001
32 10000 1  0.001
33 10000 1  0.002
34 10000 1  0.001
35 10000 1  0.001
36 10000 1  0.001
37 10000 1  0.001
38 10000 1  0.001
39 10000 1  0.001
40 10000 1  0.002
41 10000 1  0.001
42 10000 1  0.002
43 10000 1  0.002
44 10000 1  0.002
45 10000 1  0.002
46 10000 1  0.001
47 10000 1  0.002
48 10000 1  0.001
49 10000 1  0.001
50 10000 1  0.002
51 10000 1  0.002
52 10000 1  0.001
53 10000 1  0.001
54 10000 1  0.001
55 10000 1  0.001
56 10000 1  0.001
57 10000 1  0.001
58 10000 1  0.001
59 10000 1  0.002
60 10000 1  0.001
61 10000 1  0.002
62 10000 1  0.001
63 10000 1  0.002
64 10000 1  0.002
65 10000 1  0.001
66 10000 1  0.002
67 10000 1  0.001
68 10000 1  0.001
69 10000 1  0.002
70 10000 1  0.001
71 10000 1  0.002
72 10000 1  0.001
73 10000 1  0.001
74 10000 1  0.002
75 10000 1  0.002
76 10000 1  0.001
77 10000 1  0.001
78 10000 1  0.002
79 10000 1  0.001
80 10000 1  0.001
81 10000 1  0.002
82 10000 1  0.002
83 10000 1  0.001
84 10000 1  0.001
85 10000 1  0.001
86 10000 1  0.001
87 10000 1  0.002
88 10000 1  0.002
89 10000 1  0.001
90 10000 1  0.001
91 10000 1  0.002
92 10000 1  0.001
93 10000 1  0.002
94 10000 1  0.002
95 10000 1  0.002
96 10000 1  0.001
97 10000 1  0.002
98 10000 1  0.001
99 10000 1  0.001
0 10000 0.25  0.002
1 10000 0.25  0.001
2 10000 0.25  0.002
3 10000 0.25  0.001
4 10000 0.25  0.001
5 10000 0.25  0.001
6 10000 0.25  0.002
7 10000 0.25  0.002
8 10000 0.25  0.002
9 10000 0.25  0.002
10 10000 0.25  0.001
11 10000 0.25  0.001
12 10000 0.25  0.002
13 10000 0.25  0.001
14 10000 0.25  0.002
15 10000 0.25  0.001
16 10000 0.25  0.001
17 10000 0.25  0.001
18 10000 0.25  0.002
19 10000 0.25  0.002
20 10000 0.25  0.001
21 10000 0.25  0.002
22 10000 0.25  0.002
23 10000 0.25  0.002
24 10000 0.25  0.002
25 10000 0.25  0.001
26 10000 0.25  0.001
27 10000 0.25  0.001
28 10000 0.25  0.001
29 10000 0.25  0.002
30 10000 0.25  0.002
31 10000 0.25  0.001
32 10000 0.25  0.002
33 10000 0.25  0.001
34 10000 0.25  0.001
35 10000 0.25  0.001
36 10000 0.25  0.002
37 10000 0.25  0.002
38 10000 0.25  0.002
39 10000 0.25  0.001
40 10000 0.25  0.001
41 10000 0.25  0.001
42 10000 0.25  0.002
43 10000 0.25  0.002
44 10000 0.25  0.002
45 10000 0.25  0.001
46 10000 0.25  0.001
47 10000 0.25  0.002
48 10000 0.25  0.001
49 10000 0.25  0.001
50 10000 0.25  0.002
51 10000 0.25  0.001
52 10000 0.25  0.002
53 10000 0.25  0.001
54 10000 0.25  0.001
55 10000 0.25  0.001
56 10000 0.25  0.001
57 10000 0.25  0.001
58 10000 0.25  0.001
59 10000 0.25  0.002
60 10000 0.25  0.002
61 10000 0.25  0.002
62 10000 0.25  0.001
63 10000 0.25  0.002
64 10000 0.25  0.001
65 10000 0.25  0.001
66 10000 0.25  0.002
67 10000 0.25  0.001
68 10000 0.25  0.002
69 10000 0.25  0.002
70 10000 0.25  0.002
71 10000 0.25  0.001
72 10000 0.25  0.002
73 10000 0.25  0.001
74 10000 0.25  0.002
75 10000 0.25  0.002
76 10000 0.25  0.001
77 10000 0.25  0.001
78 10000 0.25  0.001
79 10000 0.25  0.002
80 10000 0.25  0.002
81 10000 0.25  0.001
82 10000 0.25  0.001
83 10000 0.25  0.001
84 10000 0.25  0.002
85 10000 0.25  0.001
86 10000 0.25  0.001
87 10000 0.25  0.002
88 10000 0.25  0.001
89 10000 0.25  0.001
90 10000 0.25  0.002
91 10000 0.25  0.001
92 10000 0.25  0.001
93 10000 0.25  0.002
94 10000 0.25  0.002
95 10000 0.25  0.001
96 10000 0.25  0.001
97 10000 0.25  0.002
98 10000 0.25  0.001
99 10000 0.25  0.001
0 10000 0.5  0.003
1 10000 0.5  0.001
2 10000 0.5  0.002
3 10000 0.5  0.002
4 10000 0.5  0.002
5 10000 0.5  0.002
6 10000 0.5  0.004
7 10000 0.5  0.002
8 10000 0.5  0.002
9 10000 0.5  0.002
10 10000 0.5  0.001
11 10000 0.5  0.003
12 10000 0.5  0.001
13 10000 0.5  0.002
14 10000 0.5  0.002
15 10000 0.5  0.001
16 10000 0.5  0.001
17 10000 0.5  0.002
18 10000 0.5  0.004
19 10000 0.5  0.003
20 10000 0.5  0.001
21 10000 0.5  0.003
22 10000 0.5  0.003
23 10000 0.5  0.001
24 10000 0.5  0.002
25 10000 0.5  0.002
26 10000 0.5  0.002
27 10000 0.5  0.002
28 10000 0.5  0.002
29 10000 0.5  0.002
30 10000 0.5  0.001
31 10000 0.5  0.002
32 10000 0.5  0.002
33 10000 0.5  0.004
34 10000 0.5  0.001
35 10000 0.5  0.003
36 10000 0.5  0.004
37 10000 0.5  0.001
38 10000 0.5  0.002
39 10000 0.5  0.002
40 10000 0.5  0.003
41 10000 0.5  0.002
42 10000 0.5  0.004
43 10000 0.5  0.002
44 10000 0.5  0.001
45 10000 0.5  0.002
46 10000 0.5  0.002
47 10000 0.5  0.002
48 10000 0.5  0.001
49 10000 0.5  0.001
50 10000 0.5  0.002
51 10000 0.5  0.004
52 10000 0.5  0.002
53 10000 0.5  0.001
54 10000 0.5  0.002
55 10000 0.5  0.005
56 10000 0.5  0.003
57 10000 0.5  0.002
58 10000 0.5  0.002
59 10000 0.5  0.003
60 10000 0.5  0.003
61 10000 0.5  0.001
62 10000 0.5  0.002
63 10000 0.5  0.002
64 10000 0.5  0.002
65 10000 0.5  0.001
66 10000 0.5  0.002
67 10000 0.5  0.002
68 10000 0.5  0.001
69 10000 0.5  0.002
70 10000 0.5  0.002
71 10000 0.5  0.002
72 10000 0.5  0.002
73 10000 0.5  0.004
74 10000 0.5  0.002
75 10000 0.5  0.002
76 10000 0.5  0.002
77 10000 0.5  0.002
78 10000 0.5  0.001
79 10000 0.5  0.002
80 10000 0.5  0.002
81 10000 0.5  0.002
82 10000 0.5  0.001
83 10000 0.5  0.002
84 10000 0.5  0.002
85 10000 0.5  0.002
86 10000 0.5  0.001
87 10000 0.5  0.001
88 10000 0.5  0.001
89 10000 0.5  0.001
90 10000 0.5  0.001
91 10000 0.5  0.002
92 10000 0.5  0.003
93 10000 0.5  0.002
94 10000 0.5  0.001
95 10000 0.5  0.002
96 10000 0.5  0.001
97 10000 0.5  0.002
98 10000 0.5  0.001
99 10000 0.5  0.007
0 10000 0.75  0.001
1 10000 0.75  0.001
2 10000 0.75  0.002
3 10000 0.75  0.001
4 10000 0.75  0.001
5 10000 0.75  0.001
6 10000 0.75  0.001
7 10000 0.75  0.001
8 10000 0.75  0.001
9 10000 0.75  0.002
10 10000 0.75  0.001
11 10000 0.75  0.001
12 10000 0.75  0.001
13 10000 0.75  0.001
14 10000 0.75  0.002
15 10000 0.75  0.001
16 10000 0.75  0.001
17 10000 0.75  0.002
18 10000 0.75  0.001
19 10000 0.75  0.001
20 10000 0.75  0.001
21 10000 0.75  0.001
22 10000 0.75  0.002
23 10000 0.75  0.001
24 10000 0.75  0.001
25 10000 0.75  0.001
26 10000 0.75  0.002
27 10000 0.75  0.002
28 10000 0.75  0.001
29 10000 0.75  0.002
30 10000 0.75  0.002
31 10000 0.75  0.001
32 10000 0.75  0.001
33 10000 0.75  0.001
34 10000 0.75  0.001
35 10000 0.75  0.002
36 10000 0.75  0.001
37 10000 0.75  0.002
38 10000 0.75  0.001
39 10000 0.75  0.002
40 10000 0.75  0.001
41 10000 0.75  0.001
42 10000 0.75  0.002
43 10000 0.75  0.001
44 10000 0.75  0.002
45 10000 0.75  0.002
46 10000 0.75  0.002
47 10000 0.75  0.001
48 10000 0.75  0.001
49 10000 0.75  0.002
50 10000 0.75  0.001
51 10000 0.75  0.002
52 10000 0.75  0.001
53 10000 0.75  0.001
54 10000 0.75  0.001
55 10000 0.75  0.001
56 10000 0.75  0.001
57 10000 0.75  0.002
58 10000 0.75  0.001
59 10000 0.75  0.001
60 10000 0.75  0.001
61 10000 0.75  0.001
62 10000 0.75  0.001
63 10000 0.75  0.002
64 10000 0.75  0.001
65 10000 0.75  0.001
66 10000 0.75  0.001
67 10000 0.75  0.002
68 10000 0.75  0.001
69 10000 0.75  0.002
70 10000 0.75  0.002
71 10000 0.75  0.001
72 10000 0.75  0.001
73 10000 0.75  0.001
74 10000 0.75  0.002
75 10000 0.75  0.002
76 10000 0.75  0.002
77 10000 0.75  0.001
78 10000 0.75  0.001
79 10000 0.75  0.001
80 10000 0.75  0.002
81 10000 0.75  0.001
82 10000 0.75  0.001
83 10000 0.75  0.002
84 10000 0.75  0.002
85 10000 0.75  0.002
86 10000 0.75  0.001
87 10000 0.75  0.001
88 10000 0.75  0.001
89 10000 0.75  0.001
90 10000 0.75  0.001
91 10000 0.75  0.001
92 10000 0.75  0.001
93 10000 0.75  0.002
94 10000 0.75  0.002
95 10000 0.75  0.001
96 10000 0.75  0.001
97 10000 0.75  0.002
98 10000 0.75  0.001
99 10000 0.75  0.001
0 10000 0.95  0.001
1 10000 0.95  0.001
2 10000 0.95  0.001
3 10000 0.95  0.001
4 10000 0.95  0.001
5 10000 0.95  0.001
6 10000 0.95  0.001
7 10000 0.95  0.001
8 10000 0.95  0.001
9 10000 0.95  0.001
10 10000 0.95  0.001
11 10000 0.95  0.001
12 10000 0.95  0.001
13 10000 0.95  0.001
14 10000 0.95  0.001
15 10000 0.95  0.001
16 10000 0.95  0.001
17 10000 0.95  0.001
18 10000 0.95  0.001
19 10000 0.95  0.001
20 10000 0.95  0.001
21 10000 0.95  0.001
22 10000 0.95  0.001
23 10000 0.95  0.001
24 10000 0.95  0.002
25 10000 0.95  0.001
26 10000 0.95  0.001
27 10000 0.95  0.001
28 10000 0.95  0.001
29 10000 0.95  0.001
30 10000 0.95  0.001
31 10000 0.95  0.001
32 10000 0.95  0.001
33 10000 0.95  0.001
34 10000 0.95  0.001
35 10000 0.95  0.001
36 10000 0.95  0.001
37 10000 0.95  0.001
38 10000 0.95  0.001
39 10000 0.95  0.001
40 10000 0.95  0.001
41 10000 0.95  0.001
42 10000 0.95  0.001
43 10000 0.95  0.001
44 10000 0.95  0.001
45 10000 0.95  0.001
46 10000 0.95  0.002
47 10000 0.95  0.002
48 10000 0.95  0.001
49 10000 0.95  0.001
50 10000 0.95  0.001
51 10000 0.95  0.001
52 10000 0.95  0.001
53 10000 0.95  0.001
54 10000 0.95  0.001
55 10000 0.95  0.001
56 10000 0.95  0.001
57 10000 0.95  0.001
58 10000 0.95  0.001
59 10000 0.95  0.001
60 10000 0.95  0.001
61 10000 0.95  0.001
62 10000 0.95  0.001
63 10000 0.95  0.001
64 10000 0.95  0.001
65 10000 0.95  0.001
66 10000 0.95  0.001
67 10000 0.95  0.001
68 10000 0.95  0.001
69 10000 0.95  0.001
70 10000 0.95  0.001
71 10000 0.95  0.001
72 10000 0.95  0.001
73 10000 0.95  0.001
74 10000 0.95  0.001
75 10000 0.95  0.001
76 10000 0.95  0.001
77 10000 0.95  0.001
78 10000 0.95  0.001
79 10000 0.95  0.001
80 10000 0.95  0.001
81 10000 0.95  0.001
82 10000 0.95  0.001
83 10000 0.95  0.001
84 10000 0.95  0.001
85 10000 0.95  0.001
86 10000 0.95  0.001
87 10000 0.95  0.001
88 10000 0.95  0.001
89 10000 0.95  0.001
90 10000 0.95  0.002
91 10000 0.95  0.001
92 10000 0.95  0.001
93 10000 0.95  0.001
94 10000 0.95  0.001
95 10000 0.95  0.001
96 10000 0.95  0.001
97 10000 0.95  0.001
98 10000 0.95  0.001
99 10000 0.95  0.001
0 10000 0.99  0.001
1 10000 0.99  0.001
2 10000 0.99  0.001
3 10000 0.99  0.001
4 10000 0.99  0.001
5 10000 0.99  0.001
6 10000 0.99  0.001
7 10000 0.99  0.001
8 10000 0.99  0.001
9 10000 0.99  0.001
10 10000 0.99  0
11 10000 0.99  0.001
12 10000 0.99  0
13 10000 0.99  0.001
14 10000 0.99  0.001
15 10000 0.99  0.001
16 10000 0.99  0.001
17 10000 0.99  0.001
18 10000 0.99  0.001
19 10000 0.99  0.001
20 10000 0.99  0.001
21 10000 0.99  0.001
22 10000 0.99  0.002
23 10000 0.99  0.001
24 10000 0.99  0.001
25 10000 0.99  0.001
26 10000 0.99  0.001
27 10000 0.99  0.001
28 10000 0.99  0.001
29 10000 0.99  0.001
30 10000 0.99  0.001
31 10000 0.99  0.001
32 10000 0.99  0.001
33 10000 0.99  0.001
34 10000 0.99  0.001
35 10000 0.99  0.001
36 10000 0.99  0.001
37 10000 0.99  0.001
38 10000 0.99  0.001
39 10000 0.99  0.001
40 10000 0.99  0.001
41 10000 0.99  0.001
42 10000 0.99  0.001
43 10000 0.99  0.001
44 10000 0.99  0.001
45 10000 0.99  0.001
46 10000 0.99  0
47 10000 0.99  0.001
48 10000 0.99  0.001
49 10000 0.99  0.001
50 10000 0.99  0.001
51 10000 0.99  0.001
52 10000 0.99  0.001
53 10000 0.99  0.002
54 10000 0.99  0.001
55 10000 0.99  0.001
56 10000 0.99  0.001
57 10000 0.99  0.001
58 10000 0.99  0.001
59 10000 0.99  0.001
60 10000 0.99  0.001
61 10000 0.99  0.001
62 10000 0.99  0.001
63 10000 0.99  0.001
64 10000 0.99  0.001
65 10000 0.99  0.001
66 10000 0.99  0.001
67 10000 0.99  0.001
68 10000 0.99  0.001
69 10000 0.99  0.001
70 10000 0.99  0.001
71 10000 0.99  0.001
72 10000 0.99  0.001
73 10000 0.99  0.001
74 10000 0.99  0.002
75 10000 0.99  0.001
76 10000 0.99  0.001
77 10000 0.99  0.001
78 10000 0.99  0.001
79 10000 0.99  0.001
80 10000 0.99  0.001
81 10000 0.99  0.001
82 10000 0.99  0.001
83 10000 0.99  0.001
84 10000 0.99  0.001
85 10000 0.99  0.001
86 10000 0.99  0.001
87 10000 0.99  0.001
88 10000 0.99  0.001
89 10000 0.99  0.001
90 10000 0.99  0.001
91 10000 0.99  0.001
92 10000 0.99  0.001
93 10000 0.99  0
94 10000 0.99  0.001
95 10000 0.99  0.001
96 10000 0.99  0.001
97 10000 0.99  0.001
98 10000 0.99  0.001
99 10000 0.99  0.001
0 10000 0.997  0.001
1 10000 0.997  0.001
2 10000 0.997  0.001
3 10000 0.997  0.001
4 10000 0.997  0.001
5 10000 0.997  0.001
6 10000 0.997  0.001
7 10000 0.997  0.001
8 10000 0.997  0.001
9 10000 0.997  0.001
10 10000 0.997  0.001
11 10000 0.997  0.001
12 10000 0.997  0.001
13 10000 0.997  0.001
14 10000 0.997  0.001
15 10000 0.997  0.001
16 10000 0.997  0.001
17 10000 0.997  0.001
18 10000 0.997  0.001
19 10000 0.997  0.001
20 10000 0.997  0.001
21 10000 0.997  0.001
22 10000 0.997  0.001
23 10000 0.997  0.001
24 10000 0.997  0.001
25 10000 0.997  0.001
26 10000 0.997  0.001
27 10000 0.997  0.001
28 10000 0.997  0.001
29 10000 0.997  0.001
30 10000 0.997  0.001
31 10000 0.997  0.001
32 10000 0.997  0.001
33 10000 0.997  0.001
34 10000 0.997  0.001
35 10000 0.997  0.001
36 10000 0.997  0.001
37 10000 0.997  0.001
38 10000 0.997  0.001
39 10000 0.997  0.002
40 10000 0.997  0.001
41 10000 0.997  0.001
42 10000 0.997  0.001
43 10000 0.997  0.001
44 10000 0.997  0.001
45 10000 0.997  0.001
46 10000 0.997  0
47 10000 0.997  0.001
48 10000 0.997  0.001
49 10000 0.997  0.001
50 10000 0.997  0.001
51 10000 0.997  0.001
52 10000 0.997  0
53 10000 0.997  0.001
54 10000 0.997  0.001
55 10000 0.997  0
56 10000 0.997  0.001
57 10000 0.997  0.001
58 10000 0.997  0.001
59 10000 0.997  0.001
60 10000 0.997  0.001
61 10000 0.997  0.001
62 10000 0.997  0.001
63 10000 0.997  0.001
64 10000 0.997  0.001
65 10000 0.997  0
66 10000 0.997  0.001
67 10000 0.997  0.001
68 10000 0.997  0.001
69 10000 0.997  0.001
70 10000 0.997  0.001
71 10000 0.997  0
72 10000 0.997  0.001
73 10000 0.997  0.001
74 10000 0.997  0.001
75 10000 0.997  0.001
76 10000 0.997  0.001
77 10000 0.997  0.001
78 10000 0.997  0.001
79 10000 0.997  0.001
80 10000 0.997  0.001
81 10000 0.997  0.001
82 10000 0.997  0.001
83 10000 0.997  0.001
84 10000 0.997  0.001
85 10000 0.997  0.001
86 10000 0.997  0.001
87 10000 0.997  0.001
88 10000 0.997  0.001
89 10000 0.997  0.001
90 10000 0.997  0.001
91 10000 0.997  0.001
92 10000 0.997  0.001
93 10000 0.997  0.001
94 10000 0.997  0.001
95 10000 0.997  0.001
96 10000 0.997  0.001
97 10000 0.997  0.001
98 10000 0.997  0.001
99 10000 0.997  0.001
