0 10000 -1 0.0008434
1 10000 -1 0.0008653
2 10000 -1 0.0008139
3 10000 -1 0.0007644
4 10000 -1 0.0008023
5 10000 -1 0.0008475
6 10000 -1 0.0009055
7 10000 -1 0.0009474
8 10000 -1 0.0009314
9 10000 -1 0.0009441
10 10000 -1 0.000857
11 10000 -1 0.0010153
12 10000 -1 0.000861
13 10000 -1 0.0010572
14 10000 -1 0.000931
15 10000 -1 0.0008934
16 10000 -1 0.0010054
17 10000 -1 0.0010079
18 10000 -1 0.0010802
19 10000 -1 0.0008165
20 10000 -1 0.0007655
21 10000 -1 0.0007669
22 10000 -1 0.0008267
23 10000 -1 0.0008438
24 10000 -1 0.0007931
25 10000 -1 0.0008373
26 10000 -1 0.0010532
27 10000 -1 0.0007881
28 10000 -1 0.0007599
29 10000 -1 0.0008183
30 10000 -1 0.0008549
31 10000 -1 0.0009434
32 10000 -1 0.0009803
33 10000 -1 0.0008245
34 10000 -1 0.0008522
35 10000 -1 0.0008154
36 10000 -1 0.0010684
37 10000 -1 0.0008472
38 10000 -1 0.0015699
39 10000 -1 0.0007986
40 10000 -1 0.0008982
41 10000 -1 0.0008056
42 10000 -1 0.0009581
43 10000 -1 0.00085
44 10000 -1 0.0008785
45 10000 -1 0.0007818
46 10000 -1 0.0009077
47 10000 -1 0.0008796
48 10000 -1 0.0009317
49 10000 -1 0.0009085
50 10000 -1 0.0008876
51 10000 -1 0.0008876
52 10000 -1 0.0007931
53 10000 -1 0.0009198
54 10000 -1 0.0010375
55 10000 -1 0.0009358
56 10000 -1 0.0009767
57 10000 -1 0.0008445
58 10000 -1 0.0007384
59 10000 -1 0.0009711
60 10000 -1 0.0009747
61 10000 -1 0.000802
62 10000 -1 0.0009419
63 10000 -1 0.000838
64 10000 -1 0.0007862
65 10000 -1 0.0009412
66 10000 -1 0.0009514
67 10000 -1 0.0008037
68 10000 -1 0.0008329
69 10000 -1 0.0008734
70 10000 -1 0.0008205
71 10000 -1 0.0008655
72 10000 -1 0.0008498
73 10000 -1 0.0008348
74 10000 -1 0.0008613
75 10000 -1 0.0008005
76 10000 -1 0.0008934
77 10000 -1 0.0008843
78 10000 -1 0.0008405
79 10000 -1 0.0008752
80 10000 -1 0.0008712
81 10000 -1 0.0007899
82 10000 -1 0.0008905
83 10000 -1 0.0008351
84 10000 -1 0.0008392
85 10000 -1 0.0010277
86 10000 -1 0.0007924
87 10000 -1 0.0007826
88 10000 -1 0.0007705
89 10000 -1 0.0007804
90 10000 -1 0.0008015
91 10000 -1 0.0008292
92 10000 -1 0.000861
93 10000 -1 0.0008693
94 10000 -1 0.0009861
95 10000 -1 0.0009037
96 10000 -1 0.0008523
97 10000 -1 0.0010324
98 10000 -1 0.0008384
99 10000 -1 0.0013088
0 10000 1 0.0012888
1 10000 1 0.0013139
2 10000 1 0.0015922
3 10000 1 0.0015357
4 10000 1 0.0014572
5 10000 1 0.0014233
6 10000 1 0.0014809
7 10000 1 0.00156
8 10000 1 0.0016497
9 10000 1 0.0014441
10 10000 1 0.0014293
11 10000 1 0.0013884
12 10000 1 0.0014168
13 10000 1 0.0013052
14 10000 1 0.0015341
15 10000 1 0.0017909
16 10000 1 0.0017042
17 10000 1 0.0018347
18 10000 1 0.0012738
19 10000 1 0.0013256
20 10000 1 0.0012928
21 10000 1 0.0015393
22 10000 1 0.0014463
23 10000 1 0.0014492
24 10000 1 0.0014112
25 10000 1 0.0012909
26 10000 1 0.0013511
27 10000 1 0.0014394
28 10000 1 0.001528
29 10000 1 0.001358
30 10000 1 0.0016775
31 10000 1 0.0013515
32 10000 1 0.0016499
33 10000 1 0.0015312
34 10000 1 0.0014616
35 10000 1 0.006901
36 10000 1 0.0015597
37 10000 1 0.0013894
38 10000 1 0.001462
39 10000 1 0.0013122
40 10000 1 0.0013107
41 10000 1 0.0012541
42 10000 1 0.0012709
43 10000 1 0.0013621
44 10000 1 0.0013205
45 10000 1 0.0013694
46 10000 1 0.0015619
47 10000 1 0.0014572
48 10000 1 0.0014274
49 10000 1 0.0013674
50 10000 1 0.0015812
51 10000 1 0.0013271
52 10000 1 0.001415
53 10000 1 0.0013506
54 10000 1 0.0014215
55 10000 1 0.0015265
56 10000 1 0.0013416
57 10000 1 0.00138
58 10000 1 0.0013606
59 10000 1 0.001381
60 10000 1 0.0014
61 10000 1 0.0012629
62 10000 1 0.0013248
63 10000 1 0.0015022
64 10000 1 0.001342
65 10000 1 0.0013078
66 10000 1 0.0013226
67 10000 1 0.0012741
68 10000 1 0.001263
69 10000 1 0.0013493
70 10000 1 0.001312
71 10000 1 0.0013675
72 10000 1 0.0014073
73 10000 1 0.0013678
74 10000 1 0.0012862
75 10000 1 0.001346
76 10000 1 0.0013452
77 10000 1 0.0013245
78 10000 1 0.0013106
79 10000 1 0.0013818
80 10000 1 0.0013008
81 10000 1 0.0014015
82 10000 1 0.0014331
83 10000 1 0.0017008
84 10000 1 0.0012687
85 10000 1 0.0015247
86 10000 1 0.0014882
87 10000 1 0.0013274
88 10000 1 0.0013015
89 10000 1 0.0013751
90 10000 1 0.0013278
91 10000 1 0.0014207
92 10000 1 0.0012537
93 10000 1 0.0013187
94 10000 1 0.0014218
95 10000 1 0.0013869
96 10000 1 0.0014755
97 10000 1 0.0014201
98 10000 1 0.0014645
99 10000 1 0.0013176
0 10000 0.25 0.0013318
1 10000 0.25 0.0012744
2 10000 0.25 0.0015181
3 10000 0.25 0.0013603
4 10000 0.25 0.0013507
5 10000 0.25 0.0012522
6 10000 0.25 0.001268
7 10000 0.25 0.0013406
8 10000 0.25 0.0013085
9 10000 0.25 0.0016192
10 10000 0.25 0.0014583
11 10000 0.25 0.0013253
12 10000 0.25 0.0012646
13 10000 0.25 0.0013606
14 10000 0.25 0.0014346
15 10000 0.25 0.0013139
16 10000 0.25 0.0012906
17 10000 0.25 0.0012403
18 10000 0.25 0.0012522
19 10000 0.25 0.0012793
20 10000 0.25 0.0015248
21 10000 0.25 0.0012604
22 10000 0.25 0.0012603
23 10000 0.25 0.0012305
24 10000 0.25 0.0012031
25 10000 0.25 0.0012989
26 10000 0.25 0.0013472
27 10000 0.25 0.0015447
28 10000 0.25 0.0012212
29 10000 0.25 0.0013223
30 10000 0.25 0.0014054
31 10000 0.25 0.0012917
32 10000 0.25 0.0013596
33 10000 0.25 0.0013066
34 10000 0.25 0.0015138
35 10000 0.25 0.0014959
36 10000 0.25 0.001408
37 10000 0.25 0.001408
38 10000 0.25 0.0012785
39 10000 0.25 0.0012596
40 10000 0.25 0.0013927
41 10000 0.25 0.00177
42 10000 0.25 0.0012493
43 10000 0.25 0.0013565
44 10000 0.25 0.0012881
45 10000 0.25 0.0013745
46 10000 0.25 0.0013011
47 10000 0.25 0.0012771
48 10000 0.25 0.0012728
49 10000 0.25 0.001466
50 10000 0.25 0.0015338
51 10000 0.25 0.0013985
52 10000 0.25 0.001409
53 10000 0.25 0.0013237
54 10000 0.25 0.0013563
55 10000 0.25 0.0013026
56 10000 0.25 0.001393
57 10000 0.25 0.0013328
58 10000 0.25 0.0014102
59 10000 0.25 0.0012268
60 10000 0.25 0.0014693
61 10000 0.25 0.0012971
62 10000 0.25 0.0014591
63 10000 0.25 0.0012154
64 10000 0.25 0.0014204
65 10000 0.25 0.0013563
66 10000 0.25 0.0013642
67 10000 0.25 0.0013923
68 10000 0.25 0.0013278
69 10000 0.25 0.0013649
70 10000 0.25 0.0014237
71 10000 0.25 0.0013376
72 10000 0.25 0.0013281
73 10000 0.25 0.0015448
74 10000 0.25 0.0013577
75 10000 0.25 0.0012585
76 10000 0.25 0.0012771
77 10000 0.25 0.0015076
78 10000 0.25 0.0014032
79 10000 0.25 0.0012283
80 10000 0.25 0.0013001
81 10000 0.25 0.0014266
82 10000 0.25 0.0012527
83 10000 0.25 0.0012928
84 10000 0.25 0.0012964
85 10000 0.25 0.0013522
86 10000 0.25 0.0012399
87 10000 0.25 0.0012227
88 10000 0.25 0.0012756
89 10000 0.25 0.0012825
90 10000 0.25 0.0013391
91 10000 0.25 0.0012924
92 10000 0.25 0.0014383
93 10000 0.25 0.0012957
94 10000 0.25 0.0013023
95 10000 0.25 0.0013821
96 10000 0.25 0.0012913
97 10000 0.25 0.0013001
98 10000 0.25 0.001462
99 10000 0.25 0.0013595
0 10000 0.5 0.0032395
1 10000 0.5 0.0015024
2 10000 0.5 0.0021169
3 10000 0.5 0.0014335
4 10000 0.5 0.0018821
5 10000 0.5 0.0031212
6 10000 0.5 0.0039779
7 10000 0.5 0.0014069
8 10000 0.5 0.0015747
9 10000 0.5 0.0020768
10 10000 0.5 0.0014172
11 10000 0.5 0.0031395
12 10000 0.5 0.0013807
13 10000 0.5 0.0024972
14 10000 0.5 0.0027306
15 10000 0.5 0.0023072
16 10000 0.5 0.001397
17 10000 0.5 0.0017
18 10000 0.5 0.0028087
19 10000 0.5 0.003184
20 10000 0.5 0.0015113
21 10000 0.5 0.0028003
22 10000 0.5 0.0023121
23 10000 0.5 0.0012465
24 10000 0.5 0.0026114
25 10000 0.5 0.002018
26 10000 0.5 0.0021038
27 10000 0.5 0.0025341
28 10000 0.5 0.0021672
29 10000 0.5 0.0015514
30 10000 0.5 0.0014609
31 10000 0.5 0.0023529
32 10000 0.5 0.0022464
33 10000 0.5 0.0046368
34 10000 0.5 0.0018143
35 10000 0.5 0.0022861
36 10000 0.5 0.0037944
37 10000 0.5 0.0013589
38 10000 0.5 0.0016713
39 10000 0.5 0.0024867
40 10000 0.5 0.0029079
41 10000 0.5 0.002475
42 10000 0.5 0.0036475
43 10000 0.5 0.0015233
44 10000 0.5 0.0013901
45 10000 0.5 0.0018103
46 10000 0.5 0.0020298
47 10000 0.5 0.0018292
48 10000 0.5 0.0013096
49 10000 0.5 0.0012888
50 10000 0.5 0.0017927
51 10000 0.5 0.0032485
52 10000 0.5 0.0015046
53 10000 0.5 0.0013303
54 10000 0.5 0.0013941
55 10000 0.5 0.0039205
56 10000 0.5 0.0030568
57 10000 0.5 0.0013927
58 10000 0.5 0.0028878
59 10000 0.5 0.0024031
60 10000 0.5 0.0027711
61 10000 0.5 0.0013537
62 10000 0.5 0.0014223
63 10000 0.5 0.002374
64 10000 0.5 0.0014492
65 10000 0.5 0.00157
66 10000 0.5 0.0023434
67 10000 0.5 0.0014667
68 10000 0.5 0.0013985
69 10000 0.5 0.0017479
70 10000 0.5 0.0016675
71 10000 0.5 0.0014313
72 10000 0.5 0.0024743
73 10000 0.5 0.0039425
74 10000 0.5 0.0012906
75 10000 0.5 0.0028572
76 10000 0.5 0.0014492
77 10000 0.5 0.0020275
78 10000 0.5 0.0013391
79 10000 0.5 0.0016408
80 10000 0.5 0.0019503
81 10000 0.5 0.0014167
82 10000 0.5 0.0012822
83 10000 0.5 0.0015979
84 10000 0.5 0.0017304
85 10000 0.5 0.0021086
86 10000 0.5 0.0014051
87 10000 0.5 0.0014204
88 10000 0.5 0.0014674
89 10000 0.5 0.0014216
90 10000 0.5 0.0018015
91 10000 0.5 0.00175
92 10000 0.5 0.003774
93 10000 0.5 0.0027657
94 10000 0.5 0.0013682
95 10000 0.5 0.0026049
96 10000 0.5 0.001633
97 10000 0.5 0.0016082
98 10000 0.5 0.0016231
99 10000 0.5 0.0013459
0 10000 0.75 0.0012516
1 10000 0.75 0.0011396
2 10000 0.75 0.0011832
3 10000 0.75 0.0012196
4 10000 0.75 0.001106
5 10000 0.75 0.0011039
6 10000 0.75 0.0011648
7 10000 0.75 0.0010962
8 10000 0.75 0.001528
9 10000 0.75 0.0010626
10 10000 0.75 0.0011721
11 10000 0.75 0.0011615
12 10000 0.75 0.0011873
13 10000 0.75 0.0011976
14 10000 0.75 0.0011089
15 10000 0.75 0.0012023
16 10000 0.75 0.0011739
17 10000 0.75 0.0010726
18 10000 0.75 0.0011334
19 10000 0.75 0.0011702
20 10000 0.75 0.0011115
21 10000 0.75 0.0012654
22 10000 0.75 0.0011006
23 10000 0.75 0.0011042
24 10000 0.75 0.0011786
25 10000 0.75 0.0011758
26 10000 0.75 0.0011111
27 10000 0.75 0.0010857
28 10000 0.75 0.0011079
29 10000 0.75 0.001101
30 10000 0.75 0.001109
31 10000 0.75 0.0011118
32 10000 0.75 0.0010637
33 10000 0.75 0.0012159
34 10000 0.75 0.001124
35 10000 0.75 0.0011093
36 10000 0.75 0.0012388
37 10000 0.75 0.00109
38 10000 0.75 0.0011625
39 10000 0.75 0.0012731
40 10000 0.75 0.001121
41 10000 0.75 0.0011381
42 10000 0.75 0.0010762
43 10000 0.75 0.0012191
44 10000 0.75 0.0011272
45 10000 0.75 0.0011101
46 10000 0.75 0.0011666
47 10000 0.75 0.001149
48 10000 0.75 0.0010462
49 10000 0.75 0.0011348
50 10000 0.75 0.0011269
51 10000 0.75 0.001017
52 10000 0.75 0.0012934
53 10000 0.75 0.0010645
54 10000 0.75 0.0011334
55 10000 0.75 0.0010922
56 10000 0.75 0.001164
57 10000 0.75 0.0011341
58 10000 0.75 0.0010434
59 10000 0.75 0.0011039
60 10000 0.75 0.0015124
61 10000 0.75 0.001272
62 10000 0.75 0.0011477
63 10000 0.75 0.001144
64 10000 0.75 0.0012443
65 10000 0.75 0.0012267
66 10000 0.75 0.0011148
67 10000 0.75 0.0011553
68 10000 0.75 0.0010319
69 10000 0.75 0.0010992
70 10000 0.75 0.0011673
71 10000 0.75 0.0010911
72 10000 0.75 0.0012975
73 10000 0.75 0.0013375
74 10000 0.75 0.0014584
75 10000 0.75 0.0012128
76 10000 0.75 0.001186
77 10000 0.75 0.0010295
78 10000 0.75 0.0011564
79 10000 0.75 0.0011096
80 10000 0.75 0.0012448
81 10000 0.75 0.0011224
82 10000 0.75 0.0011105
83 10000 0.75 0.0011265
84 10000 0.75 0.0011203
85 10000 0.75 0.0011335
86 10000 0.75 0.0011181
87 10000 0.75 0.0011859
88 10000 0.75 0.0011706
89 10000 0.75 0.0013441
90 10000 0.75 0.0014029
91 10000 0.75 0.0012731
92 10000 0.75 0.0010732
93 10000 0.75 0.0010426
94 10000 0.75 0.0011479
95 10000 0.75 0.0011753
96 10000 0.75 0.0011351
97 10000 0.75 0.0011539
98 10000 0.75 0.0011537
99 10000 0.75 0.0012941
0 10000 0.95 0.0011039
1 10000 0.95 0.0010342
2 10000 0.95 0.0009893
3 10000 0.95 0.0010418
4 10000 0.95 0.0009572
5 10000 0.95 0.0010098
6 10000 0.95 0.0009336
7 10000 0.95 0.0009854
8 10000 0.95 0.0010408
9 10000 0.95 0.0010514
10 10000 0.95 0.0012253
11 10000 0.95 0.0009541
12 10000 0.95 0.0012192
13 10000 0.95 0.0010087
14 10000 0.95 0.0010306
15 10000 0.95 0.0010419
16 10000 0.95 0.0010608
17 10000 0.95 0.0011396
18 10000 0.95 0.0010064
19 10000 0.95 0.0010309
20 10000 0.95 0.0009931
21 10000 0.95 0.00107
22 10000 0.95 0.0009916
23 10000 0.95 0.0011447
24 10000 0.95 0.0010608
25 10000 0.95 0.0010276
26 10000 0.95 0.0010732
27 10000 0.95 0.0010189
28 10000 0.95 0.0010383
29 10000 0.95 0.0012005
30 10000 0.95 0.0009985
31 10000 0.95 0.0010095
32 10000 0.95 0.0009832
33 10000 0.95 0.0012372
34 10000 0.95 0.0010255
35 10000 0.95 0.0009959
36 10000 0.95 0.000982
37 10000 0.95 0.0010681
38 10000 0.95 0.0009212
39 10000 0.95 0.0010105
40 10000 0.95 0.0010852
41 10000 0.95 0.0009594
42 10000 0.95 0.0015107
43 10000 0.95 0.0011582
44 10000 0.95 0.0009944
45 10000 0.95 0.0009456
46 10000 0.95 0.0011115
47 10000 0.95 0.0010696
48 10000 0.95 0.001043
49 10000 0.95 0.0010101
50 10000 0.95 0.0010503
51 10000 0.95 0.001012
52 10000 0.95 0.0010215
53 10000 0.95 0.0009967
54 10000 0.95 0.0010229
55 10000 0.95 0.0009822
56 10000 0.95 0.0010106
57 10000 0.95 0.0011021
58 10000 0.95 0.0009451
59 10000 0.95 0.0010123
60 10000 0.95 0.001017
61 10000 0.95 0.0020023
62 10000 0.95 0.0010733
63 10000 0.95 0.0012512
64 10000 0.95 0.0009887
65 10000 0.95 0.0010124
66 10000 0.95 0.0013573
67 10000 0.95 0.0010633
68 10000 0.95 0.0009959
69 10000 0.95 0.0009966
70 10000 0.95 0.0011947
71 10000 0.95 0.0010259
72 10000 0.95 0.0012293
73 10000 0.95 0.0013836
74 10000 0.95 0.0010259
75 10000 0.95 0.0011272
76 10000 0.95 0.0010791
77 10000 0.95 0.0015747
78 10000 0.95 0.0013005
79 10000 0.95 0.0010139
80 10000 0.95 0.0012099
81 10000 0.95 0.0012311
82 10000 0.95 0.0010352
83 10000 0.95 0.0010288
84 10000 0.95 0.0009723
85 10000 0.95 0.0009799
86 10000 0.95 0.0009703
87 10000 0.95 0.0011137
88 10000 0.95 0.0010865
89 10000 0.95 0.0012096
90 10000 0.95 0.0010626
91 10000 0.95 0.0010899
92 10000 0.95 0.0013559
93 10000 0.95 0.0010241
94 10000 0.95 0.0009806
95 10000 0.95 0.0010308
96 10000 0.95 0.0010364
97 10000 0.95 0.0011523
98 10000 0.95 0.0009813
99 10000 0.95 0.0016271
0 10000 0.99 0.0008074
1 10000 0.99 0.0009005
2 10000 0.99 0.0009784
3 10000 0.99 0.0010254
4 10000 0.99 0.0009207
5 10000 0.99 0.0009842
6 10000 0.99 0.0008672
7 10000 0.99 0.0009675
8 10000 0.99 0.0010944
9 10000 0.99 0.0008617
10 10000 0.99 0.0010914
11 10000 0.99 0.0010458
12 10000 0.99 0.0010306
13 10000 0.99 0.0008654
14 10000 0.99 0.0009229
15 10000 0.99 0.0009099
16 10000 0.99 0.0009026
17 10000 0.99 0.0008314
18 10000 0.99 0.0010637
19 10000 0.99 0.0009525
20 10000 0.99 0.00106
21 10000 0.99 0.0009186
22 10000 0.99 0.0009945
23 10000 0.99 0.0012184
24 10000 0.99 0.0009138
25 10000 0.99 0.0009285
26 10000 0.99 0.0009598
27 10000 0.99 0.0009963
28 10000 0.99 0.0009573
29 10000 0.99 0.0010664
30 10000 0.99 0.0010663
31 10000 0.99 0.0008916
32 10000 0.99 0.000936
33 10000 0.99 0.0008872
34 10000 0.99 0.0009933
35 10000 0.99 0.0012348
36 10000 0.99 0.0010229
37 10000 0.99 0.0009204
38 10000 0.99 0.0009022
39 10000 0.99 0.0008679
40 10000 0.99 0.0009839
41 10000 0.99 0.0009441
42 10000 0.99 0.0009423
43 10000 0.99 0.0008978
44 10000 0.99 0.0010367
45 10000 0.99 0.000916
46 10000 0.99 0.0009663
47 10000 0.99 0.0008691
48 10000 0.99 0.0009532
49 10000 0.99 0.0011288
50 10000 0.99 0.0009146
51 10000 0.99 0.0008887
52 10000 0.99 0.0009423
53 10000 0.99 0.0009172
54 10000 0.99 0.0008424
55 10000 0.99 0.0009197
56 10000 0.99 0.0008796
57 10000 0.99 0.0010415
58 10000 0.99 0.0009533
59 10000 0.99 0.0008588
60 10000 0.99 0.0011631
61 10000 0.99 0.0009678
62 10000 0.99 0.0009307
63 10000 0.99 0.0009759
64 10000 0.99 0.0009037
65 10000 0.99 0.0009278
66 10000 0.99 0.0009817
67 10000 0.99 0.000989
68 10000 0.99 0.0009095
69 10000 0.99 0.0009068
70 10000 0.99 0.0010951
71 10000 0.99 0.0008771
72 10000 0.99 0.0009602
73 10000 0.99 0.0009521
74 10000 0.99 0.001144
75 10000 0.99 0.0010514
76 10000 0.99 0.0009194
77 10000 0.99 0.000909
78 10000 0.99 0.0009041
79 10000 0.99 0.0010371
80 10000 0.99 0.0011581
81 10000 0.99 0.0009284
82 10000 0.99 0.0009896
83 10000 0.99 0.0010939
84 10000 0.99 0.0012001
85 10000 0.99 0.0013595
86 10000 0.99 0.0008759
87 10000 0.99 0.0009127
88 10000 0.99 0.0010101
89 10000 0.99 0.00109
90 10000 0.99 0.0008307
91 10000 0.99 0.0009284
92 10000 0.99 0.0009072
93 10000 0.99 0.0008482
94 10000 0.99 0.0010781
95 10000 0.99 0.0008606
96 10000 0.99 0.0008781
97 10000 0.99 0.0009096
98 10000 0.99 0.0009307
99 10000 0.99 0.0013241
0 10000 0.997 0.0007611
1 10000 0.997 0.0009831
2 10000 0.997 0.0008894
3 10000 0.997 0.0009517
4 10000 0.997 0.0009343
5 10000 0.997 0.0010641
6 10000 0.997 0.0009618
7 10000 0.997 0.0010729
8 10000 0.997 0.0011436
9 10000 0.997 0.0009864
10 10000 0.997 0.0009678
11 10000 0.997 0.001273
12 10000 0.997 0.0014143
13 10000 0.997 0.0009117
14 10000 0.997 0.0011115
15 10000 0.997 0.0011793
16 10000 0.997 0.0009015
17 10000 0.997 0.0009701
18 10000 0.997 0.001233
19 10000 0.997 0.0009933
20 10000 0.997 0.0009879
21 10000 0.997 0.0009375
22 10000 0.997 0.0012577
23 10000 0.997 0.0009095
24 10000 0.997 0.0009124
25 10000 0.997 0.0008041
26 10000 0.997 0.001039
27 10000 0.997 0.0012246
28 10000 0.997 0.0012158
29 10000 0.997 0.0010604
30 10000 0.997 0.0009905
31 10000 0.997 0.0008497
32 10000 0.997 0.0010152
33 10000 0.997 0.0008952
34 10000 0.997 0.0009415
35 10000 0.997 0.0010434
36 10000 0.997 0.0008402
37 10000 0.997 0.0009777
38 10000 0.997 0.0008708
39 10000 0.997 0.0010495
40 10000 0.997 0.0008902
41 10000 0.997 0.0008493
42 10000 0.997 0.0008909
43 10000 0.997 0.000881
44 10000 0.997 0.000842
45 10000 0.997 0.0009062
46 10000 0.997 0.0008895
47 10000 0.997 0.00093
48 10000 0.997 0.0009824
49 10000 0.997 0.0008464
50 10000 0.997 0.0009171
51 10000 0.997 0.0010025
52 10000 0.997 0.0008941
53 10000 0.997 0.0009992
54 10000 0.997 0.000903
55 10000 0.997 0.0008687
56 10000 0.997 0.0008038
57 10000 0.997 0.0008883
58 10000 0.997 0.0009284
59 10000 0.997 0.0009306
60 10000 0.997 0.0008865
61 10000 0.997 0.0010503
62 10000 0.997 0.0010279
63 10000 0.997 0.0008635
64 10000 0.997 0.001078
65 10000 0.997 0.0009091
66 10000 0.997 0.0009482
67 10000 0.997 0.0008026
68 10000 0.997 0.0009794
69 10000 0.997 0.00106
70 10000 0.997 0.0008424
71 10000 0.997 0.0008617
72 10000 0.997 0.0010032
73 10000 0.997 0.001067
74 10000 0.997 0.0010878
75 10000 0.997 0.0009583
76 10000 0.997 0.0010284
77 10000 0.997 0.0010681
78 10000 0.997 0.0011922
79 10000 0.997 0.0012053
80 10000 0.997 0.0012187
81 10000 0.997 0.0009112
82 10000 0.997 0.0009562
83 10000 0.997 0.001079
84 10000 0.997 0.0011943
85 10000 0.997 0.0008566
86 10000 0.997 0.0011986
87 10000 0.997 0.000989
88 10000 0.997 0.0008749
89 10000 0.997 0.0012833
90 10000 0.997 0.0012329
91 10000 0.997 0.0012086
92 10000 0.997 0.0009639
93 10000 0.997 0.0009703
94 10000 0.997 0.0008791
95 10000 0.997 0.0009289
96 10000 0.997 0.0010002
97 10000 0.997 0.0011233
98 10000 0.997 0.0008668
99 10000 0.997 0.0014846
0 50000 -1 0.0043976
1 50000 -1 0.0044409
2 50000 -1 0.0057447
3 50000 -1 0.0049184
4 50000 -1 0.0044264
5 50000 -1 0.0044289
6 50000 -1 0.0045412
7 50000 -1 0.0053292
8 50000 -1 0.0048942
9 50000 -1 0.0050164
10 50000 -1 0.0052196
11 50000 -1 0.0047907
12 50000 -1 0.0046002
13 50000 -1 0.0051401
14 50000 -1 0.0045581
15 50000 -1 0.0050165
16 50000 -1 0.0047356
17 50000 -1 0.0042776
18 50000 -1 0.0045661
19 50000 -1 0.0044205
20 50000 -1 0.0043943
21 50000 -1 0.0049508
22 50000 -1 0.0043482
23 50000 -1 0.0044793
24 50000 -1 0.0044391
25 50000 -1 0.0044607
26 50000 -1 0.0047101
27 50000 -1 0.0044188
28 50000 -1 0.0043619
29 50000 -1 0.0043615
30 50000 -1 0.0042178
31 50000 -1 0.0049213
32 50000 -1 0.0043299
33 50000 -1 0.0043495
34 50000 -1 0.0048184
35 50000 -1 0.0045306
36 50000 -1 0.0049471
37 50000 -1 0.0042783
38 50000 -1 0.0044666
39 50000 -1 0.0045136
40 50000 -1 0.0042714
41 50000 -1 0.0042357
42 50000 -1 0.0045891
43 50000 -1 0.0047531
44 50000 -1 0.0046291
45 50000 -1 0.0043294
46 50000 -1 0.0046325
47 50000 -1 0.0047773
48 50000 -1 0.0043323
49 50000 -1 0.0045088
50 50000 -1 0.0046594
51 50000 -1 0.0042667
52 50000 -1 0.0046398
53 50000 -1 0.0044737
54 50000 -1 0.0045935
55 50000 -1 0.0045632
56 50000 -1 0.0045147
57 50000 -1 0.0048068
58 50000 -1 0.0046638
59 50000 -1 0.0043665
60 50000 -1 0.0049621
61 50000 -1 0.0047761
62 50000 -1 0.0045058
63 50000 -1 0.0047882
64 50000 -1 0.004526
65 50000 -1 0.0048592
66 50000 -1 0.0046904
67 50000 -1 0.0048797
68 50000 -1 0.0044603
69 50000 -1 0.0050344
70 50000 -1 0.004674
71 50000 -1 0.0043476
72 50000 -1 0.0044296
73 50000 -1 0.0044326
74 50000 -1 0.005322
75 50000 -1 0.004704
76 50000 -1 0.0044858
77 50000 -1 0.0051036
78 50000 -1 0.0046128
79 50000 -1 0.0065071
80 50000 -1 0.0044227
81 50000 -1 0.0045069
82 50000 -1 0.004434
83 50000 -1 0.0044739
84 50000 -1 0.0048403
85 50000 -1 0.0046156
86 50000 -1 0.0045328
87 50000 -1 0.0043455
88 50000 -1 0.0044159
89 50000 -1 0.0046335
90 50000 -1 0.0043188
91 50000 -1 0.0041689
92 50000 -1 0.0046594
93 50000 -1 0.0049842
94 50000 -1 0.0044107
95 50000 -1 0.004716
96 50000 -1 0.0044956
97 50000 -1 0.0046828
98 50000 -1 0.0048272
99 50000 -1 0.0071224
0 50000 1 0.0074433
1 50000 1 0.0069706
2 50000 1 0.0071825
3 50000 1 0.0071166
4 50000 1 0.0075768
5 50000 1 0.0075102
6 50000 1 0.0077737
7 50000 1 0.0084713
8 50000 1 0.0077555
9 50000 1 0.0079483
10 50000 1 0.0074888
11 50000 1 0.0079382
12 50000 1 0.0088215
13 50000 1 0.0069863
14 50000 1 0.0081442
15 50000 1 0.0072279
16 50000 1 0.0077566
17 50000 1 0.008026
18 50000 1 0.0070746
19 50000 1 0.0076698
20 50000 1 0.0071586
21 50000 1 0.0074992
22 50000 1 0.0074853
23 50000 1 0.0074404
24 50000 1 0.0072475
25 50000 1 0.0068791
26 50000 1 0.008033
27 50000 1 0.0072391
28 50000 1 0.007416
29 50000 1 0.0073718
30 50000 1 0.0076304
31 50000 1 0.0071728
32 50000 1 0.0074157
33 50000 1 0.0073956
34 50000 1 0.0074532
35 50000 1 0.0070918
36 50000 1 0.0074535
37 50000 1 0.0077602
38 50000 1 0.0072862
39 50000 1 0.0077128
40 50000 1 0.0071713
41 50000 1 0.0074824
42 50000 1 0.007192
43 50000 1 0.0075349
44 50000 1 0.0072124
45 50000 1 0.008257
46 50000 1 0.0077292
47 50000 1 0.0072625
48 50000 1 0.0069948
49 50000 1 0.0072968
50 50000 1 0.0074337
51 50000 1 0.0074167
52 50000 1 0.0074087
53 50000 1 0.0073165
54 50000 1 0.0074295
55 50000 1 0.0071433
56 50000 1 0.007801
57 50000 1 0.0073616
58 50000 1 0.0079247
59 50000 1 0.0077343
60 50000 1 0.0078106
61 50000 1 0.0070618
62 50000 1 0.0071507
63 50000 1 0.0075451
64 50000 1 0.0074922
65 50000 1 0.0070644
66 50000 1 0.0073216
67 50000 1 0.0081114
68 50000 1 0.007056
69 50000 1 0.0074381
70 50000 1 0.0075742
71 50000 1 0.0073445
72 50000 1 0.0072363
73 50000 1 0.0074957
74 50000 1 0.0073547
75 50000 1 0.0192594
76 50000 1 0.0071515
77 50000 1 0.0087324
78 50000 1 0.0077118
79 50000 1 0.008215
80 50000 1 0.0075972
81 50000 1 0.0076779
82 50000 1 0.0072507
83 50000 1 0.0077606
84 50000 1 0.0072099
85 50000 1 0.0076007
86 50000 1 0.0076807
87 50000 1 0.0080276
88 50000 1 0.0082926
89 50000 1 0.0078587
90 50000 1 0.0080326
91 50000 1 0.0073189
92 50000 1 0.0072081
93 50000 1 0.0077266
94 50000 1 0.0072621
95 50000 1 0.0081041
96 50000 1 0.0082087
97 50000 1 0.007816
98 50000 1 0.0071691
99 50000 1 0.0076249
0 50000 0.25 0.0072165
1 50000 0.25 0.0073015
2 50000 0.25 0.0073247
3 50000 0.25 0.0079105
4 50000 0.25 0.0070112
5 50000 0.25 0.0077704
6 50000 0.25 0.007095
7 50000 0.25 0.0069499
8 50000 0.25 0.0068427
9 50000 0.25 0.0071709
10 50000 0.25 0.0073973
11 50000 0.25 0.0071622
12 50000 0.25 0.007134
13 50000 0.25 0.0071181
14 50000 0.25 0.0074871
15 50000 0.25 0.0074553
16 50000 0.25 0.0072147
17 50000 0.25 0.0069958
18 50000 0.25 0.0072614
19 50000 0.25 0.0071571
20 50000 0.25 0.0073601
21 50000 0.25 0.0078266
22 50000 0.25 0.0077533
23 50000 0.25 0.0073541
24 50000 0.25 0.0071221
25 50000 0.25 0.0075469
26 50000 0.25 0.0081456
27 50000 0.25 0.0073924
28 50000 0.25 0.0076042
29 50000 0.25 0.0072041
30 50000 0.25 0.0076129
31 50000 0.25 0.0073832
32 50000 0.25 0.0071626
33 50000 0.25 0.0071855
34 50000 0.25 0.0070014
35 50000 0.25 0.007094
36 50000 0.25 0.0068482
37 50000 0.25 0.0073029
38 50000 0.25 0.0075365
39 50000 0.25 0.0073511
40 50000 0.25 0.0075028
41 50000 0.25 0.0073635
42 50000 0.25 0.0083287
43 50000 0.25 0.0078273
44 50000 0.25 0.0076476
45 50000 0.25 0.0078124
46 50000 0.25 0.0073529
47 50000 0.25 0.0078131
48 50000 0.25 0.0083897
49 50000 0.25 0.0071436
50 50000 0.25 0.0068157
51 50000 0.25 0.0071742
52 50000 0.25 0.0070451
53 50000 0.25 0.0074889
54 50000 0.25 0.0071195
55 50000 0.25 0.0079235
56 50000 0.25 0.0067731
57 50000 0.25 0.0072147
58 50000 0.25 0.0069945
59 50000 0.25 0.0071294
60 50000 0.25 0.0071271
61 50000 0.25 0.0079834
62 50000 0.25 0.0068959
63 50000 0.25 0.0080504
64 50000 0.25 0.0070262
65 50000 0.25 0.0072234
66 50000 0.25 0.0071644
67 50000 0.25 0.0070451
68 50000 0.25 0.0070348
69 50000 0.25 0.0073573
70 50000 0.25 0.007099
71 50000 0.25 0.0081377
72 50000 0.25 0.0070619
73 50000 0.25 0.0069999
74 50000 0.25 0.0070199
75 50000 0.25 0.0072395
76 50000 0.25 0.0078456
77 50000 0.25 0.0072001
78 50000 0.25 0.0071807
79 50000 0.25 0.0076898
80 50000 0.25 0.0070459
81 50000 0.25 0.0071439
82 50000 0.25 0.0074134
83 50000 0.25 0.007385
84 50000 0.25 0.0073091
85 50000 0.25 0.0073568
86 50000 0.25 0.0072763
87 50000 0.25 0.0070586
88 50000 0.25 0.0070513
89 50000 0.25 0.0073131
90 50000 0.25 0.0073438
91 50000 0.25 0.0072588
92 50000 0.25 0.0079867
93 50000 0.25 0.0071534
94 50000 0.25 0.0072299
95 50000 0.25 0.0072951
96 50000 0.25 0.0070082
97 50000 0.25 0.0073674
98 50000 0.25 0.0070517
99 50000 0.25 0.0072505
0 50000 0.5 0.0295828
1 50000 0.5 0.0069853
2 50000 0.5 0.014091
3 50000 0.5 0.00791
4 50000 0.5 0.0191515
5 50000 0.5 0.0162917
6 50000 0.5 0.0238834
7 50000 0.5 0.0155846
8 50000 0.5 0.0168051
9 50000 0.5 0.007644
10 50000 0.5 0.0068164
11 50000 0.5 0.0072467
12 50000 0.5 0.0192163
13 50000 0.5 0.0073011
14 50000 0.5 0.007563
15 50000 0.5 0.0091306
16 50000 0.5 0.0181377
17 50000 0.5 0.032439
18 50000 0.5 0.0126739
19 50000 0.5 0.0071031
20 50000 0.5 0.0087894
21 50000 0.5 0.0116705
22 50000 0.5 0.0088943
23 50000 0.5 0.0079777
24 50000 0.5 0.0071771
25 50000 0.5 0.0090573
26 50000 0.5 0.0080268
27 50000 0.5 0.0071648
28 50000 0.5 0.028146
29 50000 0.5 0.0073347
30 50000 0.5 0.0072325
31 50000 0.5 0.0155165
32 50000 0.5 0.0074002
33 50000 0.5 0.0076454
34 50000 0.5 0.0243189
35 50000 0.5 0.0069799
36 50000 0.5 0.0140434
37 50000 0.5 0.0090942
38 50000 0.5 0.0101514
39 50000 0.5 0.0133623
40 50000 0.5 0.041387
41 50000 0.5 0.0115335
42 50000 0.5 0.0114127
43 50000 0.5 0.0141463
44 50000 0.5 0.0291959
45 50000 0.5 0.0081139
46 50000 0.5 0.0076352
47 50000 0.5 0.0092455
48 50000 0.5 0.0090206
49 50000 0.5 0.0073241
50 50000 0.5 0.0072935
51 50000 0.5 0.025973
52 50000 0.5 0.0069799
53 50000 0.5 0.0083546
54 50000 0.5 0.028459
55 50000 0.5 0.014065
56 50000 0.5 0.0076114
57 50000 0.5 0.0271557
58 50000 0.5 0.0120279
59 50000 0.5 0.0083105
60 50000 0.5 0.0139075
61 50000 0.5 0.0126114
62 50000 0.5 0.0105565
63 50000 0.5 0.0237201
64 50000 0.5 0.0100234
65 50000 0.5 0.0086296
66 50000 0.5 0.0076775
67 50000 0.5 0.0139695
68 50000 0.5 0.0126552
69 50000 0.5 0.0081987
70 50000 0.5 0.0155128
71 50000 0.5 0.0079629
72 50000 0.5 0.0081446
73 50000 0.5 0.0190063
74 50000 0.5 0.0127906
75 50000 0.5 0.0087737
76 50000 0.5 0.0070947
77 50000 0.5 0.0083102
78 50000 0.5 0.0072266
79 50000 0.5 0.0078382
80 50000 0.5 0.0097305
81 50000 0.5 0.0107606
82 50000 0.5 0.0230455
83 50000 0.5 0.0099903
84 50000 0.5 0.0322611
85 50000 0.5 0.0191599
86 50000 0.5 0.0351238
87 50000 0.5 0.02724
88 50000 0.5 0.0194516
89 50000 0.5 0.0157375
90 50000 0.5 0.0397175
91 50000 0.5 0.0081946
92 50000 0.5 0.0078124
93 50000 0.5 0.0138401
94 50000 0.5 0.0211722
95 50000 0.5 0.0079408
96 50000 0.5 0.0076719
97 50000 0.5 0.0079083
98 50000 0.5 0.0323184
99 50000 0.5 0.007264
0 50000 0.75 0.0059284
1 50000 0.75 0.0062754
2 50000 0.75 0.0065254
3 50000 0.75 0.0064668
4 50000 0.75 0.0063846
5 50000 0.75 0.0059373
6 50000 0.75 0.0066023
7 50000 0.75 0.0063906
8 50000 0.75 0.006218
9 50000 0.75 0.0065935
10 50000 0.75 0.0077373
11 50000 0.75 0.0071916
12 50000 0.75 0.0063362
13 50000 0.75 0.0062301
14 50000 0.75 0.0062038
15 50000 0.75 0.0060951
16 50000 0.75 0.0063578
17 50000 0.75 0.0061626
18 50000 0.75 0.0060408
19 50000 0.75 0.0064507
20 50000 0.75 0.0060961
21 50000 0.75 0.0064434
22 50000 0.75 0.0059566
23 50000 0.75 0.0064682
24 50000 0.75 0.0066166
25 50000 0.75 0.0064032
26 50000 0.75 0.0062141
27 50000 0.75 0.0063384
28 50000 0.75 0.0064418
29 50000 0.75 0.0060536
30 50000 0.75 0.0064335
31 50000 0.75 0.0060824
32 50000 0.75 0.0059045
33 50000 0.75 0.0068771
34 50000 0.75 0.0069966
35 50000 0.75 0.0066888
36 50000 0.75 0.0059577
37 50000 0.75 0.0060109
38 50000 0.75 0.0068186
39 50000 0.75 0.0061284
40 50000 0.75 0.0062603
41 50000 0.75 0.0064394
42 50000 0.75 0.0068235
43 50000 0.75 0.0064722
44 50000 0.75 0.0059664
45 50000 0.75 0.0064962
46 50000 0.75 0.0058704
47 50000 0.75 0.0062728
48 50000 0.75 0.0060999
49 50000 0.75 0.0069765
50 50000 0.75 0.006594
51 50000 0.75 0.0058282
52 50000 0.75 0.0062976
53 50000 0.75 0.0067701
54 50000 0.75 0.0061775
55 50000 0.75 0.0067027
56 50000 0.75 0.005965
57 50000 0.75 0.0060753
58 50000 0.75 0.0061597
59 50000 0.75 0.0070834
60 50000 0.75 0.0060554
61 50000 0.75 0.0059441
62 50000 0.75 0.0060053
63 50000 0.75 0.0072084
64 50000 0.75 0.0062713
65 50000 0.75 0.0063693
66 50000 0.75 0.0072657
67 50000 0.75 0.0067664
68 50000 0.75 0.006672
69 50000 0.75 0.0065706
70 50000 0.75 0.0068263
71 50000 0.75 0.0064335
72 50000 0.75 0.0070302
73 50000 0.75 0.005951
74 50000 0.75 0.0064026
75 50000 0.75 0.0060827
76 50000 0.75 0.0061597
77 50000 0.75 0.0066432
78 50000 0.75 0.0061853
79 50000 0.75 0.0064925
80 50000 0.75 0.0062858
81 50000 0.75 0.0064284
82 50000 0.75 0.0065251
83 50000 0.75 0.0060511
84 50000 0.75 0.0061856
85 50000 0.75 0.0063001
86 50000 0.75 0.0061191
87 50000 0.75 0.0063865
88 50000 0.75 0.0063847
89 50000 0.75 0.0059813
90 50000 0.75 0.0059515
91 50000 0.75 0.0065142
92 50000 0.75 0.0061075
93 50000 0.75 0.0059129
94 50000 0.75 0.0062159
95 50000 0.75 0.0066134
96 50000 0.75 0.0063001
97 50000 0.75 0.0060809
98 50000 0.75 0.006237
99 50000 0.75 0.0073653
0 50000 0.95 0.0056314
1 50000 0.95 0.0062803
2 50000 0.95 0.00557
3 50000 0.95 0.0058012
4 50000 0.95 0.0057736
5 50000 0.95 0.005664
6 50000 0.95 0.006132
7 50000 0.95 0.0059041
8 50000 0.95 0.0059223
9 50000 0.95 0.0054809
10 50000 0.95 0.0055237
11 50000 0.95 0.0055977
12 50000 0.95 0.0056068
13 50000 0.95 0.0056158
14 50000 0.95 0.0055638
15 50000 0.95 0.0055722
16 50000 0.95 0.0056462
17 50000 0.95 0.0058602
18 50000 0.95 0.0057097
19 50000 0.95 0.0057863
20 50000 0.95 0.005842
21 50000 0.95 0.0056163
22 50000 0.95 0.0059653
23 50000 0.95 0.0067847
24 50000 0.95 0.0058176
25 50000 0.95 0.0065247
26 50000 0.95 0.0059805
27 50000 0.95 0.0057794
28 50000 0.95 0.005527
29 50000 0.95 0.0057002
30 50000 0.95 0.0054708
31 50000 0.95 0.0061279
32 50000 0.95 0.0056863
33 50000 0.95 0.0054909
34 50000 0.95 0.0059219
35 50000 0.95 0.0058682
36 50000 0.95 0.0058031
37 50000 0.95 0.0054726
38 50000 0.95 0.0056976
39 50000 0.95 0.0055947
40 50000 0.95 0.0056936
41 50000 0.95 0.0059317
42 50000 0.95 0.0055598
43 50000 0.95 0.0053294
44 50000 0.95 0.0057538
45 50000 0.95 0.0054926
46 50000 0.95 0.0058005
47 50000 0.95 0.0059099
48 50000 0.95 0.0053865
49 50000 0.95 0.0056864
50 50000 0.95 0.0064306
51 50000 0.95 0.005659
52 50000 0.95 0.0055463
53 50000 0.95 0.0055615
54 50000 0.95 0.0055773
55 50000 0.95 0.0057312
56 50000 0.95 0.0056222
57 50000 0.95 0.0054818
58 50000 0.95 0.0058074
59 50000 0.95 0.0058026
60 50000 0.95 0.0060613
61 50000 0.95 0.0081782
62 50000 0.95 0.0056491
63 50000 0.95 0.006008
64 50000 0.95 0.0053219
65 50000 0.95 0.0055484
66 50000 0.95 0.0061506
67 50000 0.95 0.005451
68 50000 0.95 0.0056097
69 50000 0.95 0.0058242
70 50000 0.95 0.0060382
71 50000 0.95 0.0059408
72 50000 0.95 0.00562
73 50000 0.95 0.0059318
74 50000 0.95 0.0059946
75 50000 0.95 0.0058621
76 50000 0.95 0.0056714
77 50000 0.95 0.005829
78 50000 0.95 0.0056702
79 50000 0.95 0.0057258
80 50000 0.95 0.0061847
81 50000 0.95 0.0059949
82 50000 0.95 0.005621
83 50000 0.95 0.0056615
84 50000 0.95 0.0054613
85 50000 0.95 0.0056571
86 50000 0.95 0.005996
87 50000 0.95 0.0054566
88 50000 0.95 0.0055046
89 50000 0.95 0.0056097
90 50000 0.95 0.0056517
91 50000 0.95 0.0056556
92 50000 0.95 0.0055175
93 50000 0.95 0.005585
94 50000 0.95 0.0058581
95 50000 0.95 0.0059186
96 50000 0.95 0.0056152
97 50000 0.95 0.0058163
98 50000 0.95 0.0056207
99 50000 0.95 0.0076559
0 50000 0.99 0.0048013
1 50000 0.99 0.0055517
2 50000 0.99 0.0051054
3 50000 0.99 0.0062231
4 50000 0.99 0.0060612
5 50000 0.99 0.005373
6 50000 0.99 0.0053706
7 50000 0.99 0.0054649
8 50000 0.99 0.0053316
9 50000 0.99 0.0061349
10 50000 0.99 0.0057056
11 50000 0.99 0.0052597
12 50000 0.99 0.0051025
13 50000 0.99 0.0051995
14 50000 0.99 0.0051896
15 50000 0.99 0.0056097
16 50000 0.99 0.0051211
17 50000 0.99 0.0054441
18 50000 0.99 0.0051036
19 50000 0.99 0.0051849
20 50000 0.99 0.0051149
21 50000 0.99 0.0052804
22 50000 0.99 0.0051648
23 50000 0.99 0.0052794
24 50000 0.99 0.00512
25 50000 0.99 0.0052863
26 50000 0.99 0.0049413
27 50000 0.99 0.0049101
28 50000 0.99 0.0052512
29 50000 0.99 0.0047885
30 50000 0.99 0.0049642
31 50000 0.99 0.0052072
32 50000 0.99 0.0050052
33 50000 0.99 0.0050314
34 50000 0.99 0.0048651
35 50000 0.99 0.0049051
36 50000 0.99 0.0051024
37 50000 0.99 0.0053224
38 50000 0.99 0.0056707
39 50000 0.99 0.0054869
40 50000 0.99 0.0053808
41 50000 0.99 0.0050121
42 50000 0.99 0.004942
43 50000 0.99 0.0051695
44 50000 0.99 0.0052367
45 50000 0.99 0.0052477
46 50000 0.99 0.0055945
47 50000 0.99 0.0050776
48 50000 0.99 0.0051251
49 50000 0.99 0.005093
50 50000 0.99 0.0056054
51 50000 0.99 0.0049493
52 50000 0.99 0.0049493
53 50000 0.99 0.0053344
54 50000 0.99 0.0049205
55 50000 0.99 0.0052115
56 50000 0.99 0.0049942
57 50000 0.99 0.0047542
58 50000 0.99 0.0050631
59 50000 0.99 0.0050993
60 50000 0.99 0.004868
61 50000 0.99 0.0047947
62 50000 0.99 0.0055598
63 50000 0.99 0.0049986
64 50000 0.99 0.0047822
65 50000 0.99 0.0049745
66 50000 0.99 0.0048997
67 50000 0.99 0.005136
68 50000 0.99 0.00545
69 50000 0.99 0.0048782
70 50000 0.99 0.0048825
71 50000 0.99 0.0055095
72 50000 0.99 0.0049169
73 50000 0.99 0.0049549
74 50000 0.99 0.0051528
75 50000 0.99 0.0051324
76 50000 0.99 0.0049066
77 50000 0.99 0.0051875
78 50000 0.99 0.0050463
79 50000 0.99 0.0049807
80 50000 0.99 0.0050252
81 50000 0.99 0.005003
82 50000 0.99 0.0049953
83 50000 0.99 0.0049544
84 50000 0.99 0.0048987
85 50000 0.99 0.0058026
86 50000 0.99 0.0054027
87 50000 0.99 0.0052195
88 50000 0.99 0.0048778
89 50000 0.99 0.0048421
90 50000 0.99 0.004991
91 50000 0.99 0.0052939
92 50000 0.99 0.0054278
93 50000 0.99 0.0048049
94 50000 0.99 0.0055175
95 50000 0.99 0.0051148
96 50000 0.99 0.0047823
97 50000 0.99 0.0049505
98 50000 0.99 0.0052239
99 50000 0.99 0.0071469
0 50000 0.997 0.0047123
1 50000 0.997 0.0049176
2 50000 0.997 0.0048606
3 50000 0.997 0.004783
4 50000 0.997 0.0048968
5 50000 0.997 0.0047444
6 50000 0.997 0.0048472
7 50000 0.997 0.0049743
8 50000 0.997 0.0050613
9 50000 0.997 0.0047929
10 50000 0.997 0.0052797
11 50000 0.997 0.0047116
12 50000 0.997 0.0047762
13 50000 0.997 0.0048067
14 50000 0.997 0.0046361
15 50000 0.997 0.0047736
16 50000 0.997 0.0049292
17 50000 0.997 0.0052163
18 50000 0.997 0.0047509
19 50000 0.997 0.0048705
20 50000 0.997 0.005
21 50000 0.997 0.0047702
22 50000 0.997 0.0050747
23 50000 0.997 0.0046587
24 50000 0.997 0.0048761
25 50000 0.997 0.0050095
26 50000 0.997 0.0056992
27 50000 0.997 0.0046057
28 50000 0.997 0.0046368
29 50000 0.997 0.0047699
30 50000 0.997 0.0049915
31 50000 0.997 0.0050875
32 50000 0.997 0.0047772
33 50000 0.997 0.005167
34 50000 0.997 0.0048786
35 50000 0.997 0.0045832
36 50000 0.997 0.0048629
37 50000 0.997 0.0047268
38 50000 0.997 0.0047185
39 50000 0.997 0.0047855
40 50000 0.997 0.0047969
41 50000 0.997 0.0047889
42 50000 0.997 0.0052199
43 50000 0.997 0.0046751
44 50000 0.997 0.0048287
45 50000 0.997 0.0052188
46 50000 0.997 0.0048162
47 50000 0.997 0.0048771
48 50000 0.997 0.0050868
49 50000 0.997 0.0049023
50 50000 0.997 0.0052972
51 50000 0.997 0.0054066
52 50000 0.997 0.0050219
53 50000 0.997 0.0048726
54 50000 0.997 0.0054559
55 50000 0.997 0.0054479
56 50000 0.997 0.0051965
57 50000 0.997 0.0052834
58 50000 0.997 0.0054398
59 50000 0.997 0.0054693
60 50000 0.997 0.0046007
61 50000 0.997 0.0050284
62 50000 0.997 0.0051083
63 50000 0.997 0.0055998
64 50000 0.997 0.0049701
65 50000 0.997 0.0053545
66 50000 0.997 0.0048349
67 50000 0.997 0.0050343
68 50000 0.997 0.0049412
69 50000 0.997 0.0046672
70 50000 0.997 0.0049112
71 50000 0.997 0.0048927
72 50000 0.997 0.0046273
73 50000 0.997 0.0045909
74 50000 0.997 0.0050354
75 50000 0.997 0.0046722
76 50000 0.997 0.0045916
77 50000 0.997 0.0048009
78 50000 0.997 0.0048702
79 50000 0.997 0.004946
80 50000 0.997 0.0051772
81 50000 0.997 0.0052925
82 50000 0.997 0.0047047
83 50000 0.997 0.0046236
84 50000 0.997 0.0048105
85 50000 0.997 0.0046955
86 50000 0.997 0.0051587
87 50000 0.997 0.0046972
88 50000 0.997 0.0050208
89 50000 0.997 0.004729
90 50000 0.997 0.0052222
91 50000 0.997 0.004728
92 50000 0.997 0.0046365
93 50000 0.997 0.0048665
94 50000 0.997 0.0048847
95 50000 0.997 0.0046736
96 50000 0.997 0.0046124
97 50000 0.997 0.0046893
98 50000 0.997 0.005132
99 50000 0.997 0.0071976
0 100000 -1 0.0107929
1 100000 -1 0.0105857
2 100000 -1 0.011008
3 100000 -1 0.011354
4 100000 -1 0.0111294
5 100000 -1 0.0111316
6 100000 -1 0.010884
7 100000 -1 0.011237
8 100000 -1 0.0099351
9 100000 -1 0.0093637
10 100000 -1 0.0096801
11 100000 -1 0.0111188
12 100000 -1 0.0101801
13 100000 -1 0.0094395
14 100000 -1 0.0097685
15 100000 -1 0.0100627
16 100000 -1 0.0094976
17 100000 -1 0.010341
18 100000 -1 0.0090297
19 100000 -1 0.0093098
20 100000 -1 0.0097921
21 100000 -1 0.0094702
22 100000 -1 0.009372
23 100000 -1 0.0096436
24 100000 -1 0.0093236
25 100000 -1 0.0094921
26 100000 -1 0.0093458
27 100000 -1 0.0097049
28 100000 -1 0.0098132
29 100000 -1 0.0091212
30 100000 -1 0.0093673
31 100000 -1 0.0092976
32 100000 -1 0.0182285
33 100000 -1 0.0103239
34 100000 -1 0.0097277
35 100000 -1 0.0102874
36 100000 -1 0.0099855
37 100000 -1 0.0091759
38 100000 -1 0.0096054
39 100000 -1 0.0091682
40 100000 -1 0.0096649
41 100000 -1 0.0094668
42 100000 -1 0.0089887
43 100000 -1 0.010547
44 100000 -1 0.0090723
45 100000 -1 0.0099675
46 100000 -1 0.0091562
47 100000 -1 0.0097598
48 100000 -1 0.0093498
49 100000 -1 0.0091832
50 100000 -1 0.0090562
51 100000 -1 0.0092736
52 100000 -1 0.0096529
53 100000 -1 0.0095211
54 100000 -1 0.009335
55 100000 -1 0.009258
56 100000 -1 0.0092637
57 100000 -1 0.009313
58 100000 -1 0.0092156
59 100000 -1 0.0096689
60 100000 -1 0.0092474
61 100000 -1 0.0093127
62 100000 -1 0.010243
63 100000 -1 0.0096518
64 100000 -1 0.0091704
65 100000 -1 0.0094863
66 100000 -1 0.009705
67 100000 -1 0.0096332
68 100000 -1 0.0097225
69 100000 -1 0.0093233
70 100000 -1 0.0100208
71 100000 -1 0.0088768
72 100000 -1 0.009016
73 100000 -1 0.0102003
74 100000 -1 0.0091667
75 100000 -1 0.0092335
76 100000 -1 0.0091653
77 100000 -1 0.0095018
78 100000 -1 0.0096167
79 100000 -1 0.0092262
80 100000 -1 0.0094158
81 100000 -1 0.0093287
82 100000 -1 0.0093699
83 100000 -1 0.0096149
84 100000 -1 0.0092772
85 100000 -1 0.0094469
86 100000 -1 0.0092219
87 100000 -1 0.0095326
88 100000 -1 0.0091686
89 100000 -1 0.0091599
90 100000 -1 0.0097382
91 100000 -1 0.0099811
92 100000 -1 0.0095395
93 100000 -1 0.0110266
94 100000 -1 0.0101681
95 100000 -1 0.0103494
96 100000 -1 0.0095278
97 100000 -1 0.0102382
98 100000 -1 0.0091667
99 100000 -1 0.0156921
0 100000 1 0.0157108
1 100000 1 0.0155074
2 100000 1 0.01548
3 100000 1 0.0160061
4 100000 1 0.0158268
5 100000 1 0.0154592
6 100000 1 0.0155254
7 100000 1 0.0157388
8 100000 1 0.0148367
9 100000 1 0.0158629
10 100000 1 0.0152593
11 100000 1 0.0157523
12 100000 1 0.0157396
13 100000 1 0.0170196
14 100000 1 0.0164274
15 100000 1 0.0157629
16 100000 1 0.0161681
17 100000 1 0.0151547
18 100000 1 0.0161316
19 100000 1 0.016579
20 100000 1 0.0168953
21 100000 1 0.0162352
22 100000 1 0.0168778
23 100000 1 0.0177037
24 100000 1 0.026254
25 100000 1 0.0176337
26 100000 1 0.0164373
27 100000 1 0.0175666
28 100000 1 0.0155361
29 100000 1 0.015363
30 100000 1 0.0160382
31 100000 1 0.0159402
32 100000 1 0.015546
33 100000 1 0.0156112
34 100000 1 0.0153491
35 100000 1 0.0161166
36 100000 1 0.0168846
37 100000 1 0.0156244
38 100000 1 0.0161755
39 100000 1 0.0158484
40 100000 1 0.0156458
41 100000 1 0.0163355
42 100000 1 0.0154667
43 100000 1 0.015419
44 100000 1 0.0168478
45 100000 1 0.0148105
46 100000 1 0.0153013
47 100000 1 0.015806
48 100000 1 0.0152407
49 100000 1 0.0167133
50 100000 1 0.0155948
51 100000 1 0.0158253
52 100000 1 0.0152852
53 100000 1 0.016602
54 100000 1 0.0168394
55 100000 1 0.0156028
56 100000 1 0.0157816
57 100000 1 0.0168716
58 100000 1 0.01524
59 100000 1 0.016477
60 100000 1 0.0162527
61 100000 1 0.016086
62 100000 1 0.0161824
63 100000 1 0.0165646
64 100000 1 0.0165401
65 100000 1 0.0174203
66 100000 1 0.0159077
67 100000 1 0.0165715
68 100000 1 0.0146637
69 100000 1 0.0154755
70 100000 1 0.0157076
71 100000 1 0.016469
72 100000 1 0.016923
73 100000 1 0.0166188
74 100000 1 0.0172603
75 100000 1 0.0147423
76 100000 1 0.0157107
77 100000 1 0.0163256
78 100000 1 0.0173591
79 100000 1 0.0160872
80 100000 1 0.0168694
81 100000 1 0.0164579
82 100000 1 0.0157747
83 100000 1 0.0158337
84 100000 1 0.0154989
85 100000 1 0.0158876
86 100000 1 0.0164627
87 100000 1 0.0154941
88 100000 1 0.0160262
89 100000 1 0.0162666
90 100000 1 0.0158921
91 100000 1 0.0170254
92 100000 1 0.0161772
93 100000 1 0.0158202
94 100000 1 0.0157827
95 100000 1 0.0160923
96 100000 1 0.0169882
97 100000 1 0.0169197
98 100000 1 0.016023
99 100000 1 0.0159318
0 100000 0.25 0.0142309
1 100000 0.25 0.0149788
2 100000 0.25 0.0155124
3 100000 0.25 0.0150055
4 100000 0.25 0.0156095
5 100000 0.25 0.0153148
6 100000 0.25 0.0152156
7 100000 0.25 0.0154763
8 100000 0.25 0.0148666
9 100000 0.25 0.0160157
10 100000 0.25 0.0150657
11 100000 0.25 0.0152456
12 100000 0.25 0.014669
13 100000 0.25 0.015256
14 100000 0.25 0.0146041
15 100000 0.25 0.0153636
16 100000 0.25 0.0150857
17 100000 0.25 0.0148859
18 100000 0.25 0.0150634
19 100000 0.25 0.0162851
20 100000 0.25 0.0147199
21 100000 0.25 0.0152517
22 100000 0.25 0.0151594
23 100000 0.25 0.0157528
24 100000 0.25 0.0147586
25 100000 0.25 0.0150667
26 100000 0.25 0.0153403
27 100000 0.25 0.0153356
28 100000 0.25 0.0156798
29 100000 0.25 0.0177967
30 100000 0.25 0.0159982
31 100000 0.25 0.0162672
32 100000 0.25 0.016554
33 100000 0.25 0.0149927
34 100000 0.25 0.0148112
35 100000 0.25 0.0151922
36 100000 0.25 0.0157156
37 100000 0.25 0.015224
38 100000 0.25 0.0148927
39 100000 0.25 0.0150748
40 100000 0.25 0.0150953
41 100000 0.25 0.0153271
42 100000 0.25 0.0154427
43 100000 0.25 0.0155645
44 100000 0.25 0.0164711
45 100000 0.25 0.0153162
46 100000 0.25 0.0155266
47 100000 0.25 0.0157783
48 100000 0.25 0.0155336
49 100000 0.25 0.0148173
50 100000 0.25 0.0161426
51 100000 0.25 0.0154792
52 100000 0.25 0.0153257
53 100000 0.25 0.0150333
54 100000 0.25 0.016054
55 100000 0.25 0.0151306
56 100000 0.25 0.0161152
57 100000 0.25 0.0153625
58 100000 0.25 0.0151036
59 100000 0.25 0.0158472
60 100000 0.25 0.0157469
61 100000 0.25 0.0152696
62 100000 0.25 0.0159081
63 100000 0.25 0.0155557
64 100000 0.25 0.0152616
65 100000 0.25 0.015484
66 100000 0.25 0.0149603
67 100000 0.25 0.0152739
68 100000 0.25 0.0155153
69 100000 0.25 0.0155291
70 100000 0.25 0.0149537
71 100000 0.25 0.0153945
72 100000 0.25 0.0148976
73 100000 0.25 0.0154672
74 100000 0.25 0.016465
75 100000 0.25 0.0156908
76 100000 0.25 0.0149614
77 100000 0.25 0.0152452
78 100000 0.25 0.0152087
79 100000 0.25 0.01536
80 100000 0.25 0.015419
81 100000 0.25 0.014852
82 100000 0.25 0.0154595
83 100000 0.25 0.0151061
84 100000 0.25 0.0269486
85 100000 0.25 0.0160281
86 100000 0.25 0.0162531
87 100000 0.25 0.0152292
88 100000 0.25 0.0148815
89 100000 0.25 0.015336
90 100000 0.25 0.0167032
91 100000 0.25 0.0165708
92 100000 0.25 0.0159052
93 100000 0.25 0.0163118
94 100000 0.25 0.0151088
95 100000 0.25 0.0151164
96 100000 0.25 0.0151284
97 100000 0.25 0.0151893
98 100000 0.25 0.0154876
99 100000 0.25 0.0153851
0 100000 0.5 0.051518
1 100000 0.5 0.0263115
2 100000 0.5 0.0172734
3 100000 0.5 0.0330054
4 100000 0.5 0.0166309
5 100000 0.5 0.0555953
6 100000 0.5 0.0440327
7 100000 0.5 0.0200606
8 100000 0.5 0.0332453
9 100000 0.5 0.05143
10 100000 0.5 0.0244312
11 100000 0.5 0.0347657
12 100000 0.5 0.0153889
13 100000 0.5 0.047275
14 100000 0.5 0.0449028
15 100000 0.5 0.0155751
16 100000 0.5 0.0315197
17 100000 0.5 0.0189862
18 100000 0.5 0.0184857
19 100000 0.5 0.0278405
20 100000 0.5 0.0280247
21 100000 0.5 0.0617303
22 100000 0.5 0.0489094
23 100000 0.5 0.0305839
24 100000 0.5 0.0270593
25 100000 0.5 0.0154733
26 100000 0.5 0.0196488
27 100000 0.5 0.0147976
28 100000 0.5 0.0241238
29 100000 0.5 0.0198491
30 100000 0.5 0.0544656
31 100000 0.5 0.0467991
32 100000 0.5 0.0708222
33 100000 0.5 0.0256164
34 100000 0.5 0.0200526
35 100000 0.5 0.0160426
36 100000 0.5 0.0165787
37 100000 0.5 0.0433413
38 100000 0.5 0.0693201
39 100000 0.5 0.0173792
40 100000 0.5 0.0500906
41 100000 0.5 0.0534135
42 100000 0.5 0.0795495
43 100000 0.5 0.0174756
44 100000 0.5 0.0176031
45 100000 0.5 0.0816566
46 100000 0.5 0.0284677
47 100000 0.5 0.0199308
48 100000 0.5 0.049109
49 100000 0.5 0.0309494
50 100000 0.5 0.0149221
51 100000 0.5 0.0219212
52 100000 0.5 0.022683
53 100000 0.5 0.0257615
54 100000 0.5 0.0302268
55 100000 0.5 0.108133
56 100000 0.5 0.018937
57 100000 0.5 0.0210362
58 100000 0.5 0.0707636
59 100000 0.5 0.0426433
60 100000 0.5 0.0161483
61 100000 0.5 0.0183342
62 100000 0.5 0.0184075
63 100000 0.5 0.0208942
64 100000 0.5 0.0537829
65 100000 0.5 0.0262713
66 100000 0.5 0.0152342
67 100000 0.5 0.0693877
68 100000 0.5 0.147184
69 100000 0.5 0.0161433
70 100000 0.5 0.0619632
71 100000 0.5 0.0684132
72 100000 0.5 0.0348963
73 100000 0.5 0.0191555
74 100000 0.5 0.0177759
75 100000 0.5 0.031096
76 100000 0.5 0.0195026
77 100000 0.5 0.0167227
78 100000 0.5 0.019584
79 100000 0.5 0.0191136
80 100000 0.5 0.0148097
81 100000 0.5 0.0347792
82 100000 0.5 0.0182253
83 100000 0.5 0.0208614
84 100000 0.5 0.0159273
85 100000 0.5 0.043562
86 100000 0.5 0.0151394
87 100000 0.5 0.0245428
88 100000 0.5 0.0169003
89 100000 0.5 0.0154472
90 100000 0.5 0.015298
91 100000 0.5 0.0237617
92 100000 0.5 0.0182555
93 100000 0.5 0.0204595
94 100000 0.5 0.036616
95 100000 0.5 0.0439316
96 100000 0.5 0.117695
97 100000 0.5 0.0784053
98 100000 0.5 0.061483
99 100000 0.5 0.0171114
0 100000 0.75 0.014543
1 100000 0.75 0.0133557
2 100000 0.75 0.0145209
3 100000 0.75 0.0142776
4 100000 0.75 0.0136136
5 100000 0.75 0.0146537
6 100000 0.75 0.0128047
7 100000 0.75 0.0135253
8 100000 0.75 0.01332
9 100000 0.75 0.0136832
10 100000 0.75 0.0129327
11 100000 0.75 0.0131272
12 100000 0.75 0.0137697
13 100000 0.75 0.0128846
14 100000 0.75 0.0133933
15 100000 0.75 0.0132503
16 100000 0.75 0.013456
17 100000 0.75 0.01422
18 100000 0.75 0.013552
19 100000 0.75 0.0138999
20 100000 0.75 0.0135254
21 100000 0.75 0.0137563
22 100000 0.75 0.0148473
23 100000 0.75 0.0134261
24 100000 0.75 0.0141171
25 100000 0.75 0.013479
26 100000 0.75 0.0132012
27 100000 0.75 0.0140576
28 100000 0.75 0.0127869
29 100000 0.75 0.0133291
30 100000 0.75 0.0130045
31 100000 0.75 0.0131585
32 100000 0.75 0.0149254
33 100000 0.75 0.0133185
34 100000 0.75 0.0137981
35 100000 0.75 0.0126143
36 100000 0.75 0.0127671
37 100000 0.75 0.0133467
38 100000 0.75 0.0135057
39 100000 0.75 0.0134261
40 100000 0.75 0.0127034
41 100000 0.75 0.0213982
42 100000 0.75 0.0141785
43 100000 0.75 0.0139392
44 100000 0.75 0.0143167
45 100000 0.75 0.0131063
46 100000 0.75 0.0131169
47 100000 0.75 0.0133364
48 100000 0.75 0.0134434
49 100000 0.75 0.014035
50 100000 0.75 0.0142386
51 100000 0.75 0.0136759
52 100000 0.75 0.0131111
53 100000 0.75 0.0142732
54 100000 0.75 0.0133761
55 100000 0.75 0.0137332
56 100000 0.75 0.0148957
57 100000 0.75 0.0144775
58 100000 0.75 0.013606
59 100000 0.75 0.0133352
60 100000 0.75 0.0131198
61 100000 0.75 0.0127008
62 100000 0.75 0.0140239
63 100000 0.75 0.0125327
64 100000 0.75 0.0136118
65 100000 0.75 0.012901
66 100000 0.75 0.0132628
67 100000 0.75 0.0138385
68 100000 0.75 0.0133112
69 100000 0.75 0.0141085
70 100000 0.75 0.0142077
71 100000 0.75 0.0139673
72 100000 0.75 0.0142142
73 100000 0.75 0.0133586
74 100000 0.75 0.0130939
75 100000 0.75 0.0124033
76 100000 0.75 0.0133543
77 100000 0.75 0.0132584
78 100000 0.75 0.0132923
79 100000 0.75 0.0132285
80 100000 0.75 0.0136322
81 100000 0.75 0.0133357
82 100000 0.75 0.0142492
83 100000 0.75 0.0128229
84 100000 0.75 0.0129444
85 100000 0.75 0.0132854
86 100000 0.75 0.0129236
87 100000 0.75 0.0127606
88 100000 0.75 0.0147601
89 100000 0.75 0.012524
90 100000 0.75 0.0129917
91 100000 0.75 0.0130951
92 100000 0.75 0.0128664
93 100000 0.75 0.0140844
94 100000 0.75 0.0146882
95 100000 0.75 0.0128361
96 100000 0.75 0.0126489
97 100000 0.75 0.0132223
98 100000 0.75 0.0134123
99 100000 0.75 0.0162519
0 100000 0.95 0.0120969
1 100000 0.95 0.0167169
2 100000 0.95 0.0136036
3 100000 0.95 0.0127109
4 100000 0.95 0.0133791
5 100000 0.95 0.0134283
6 100000 0.95 0.0118485
7 100000 0.95 0.012234
8 100000 0.95 0.0124714
9 100000 0.95 0.0119663
10 100000 0.95 0.0119857
11 100000 0.95 0.0122708
12 100000 0.95 0.0120494
13 100000 0.95 0.0128215
14 100000 0.95 0.0121398
15 100000 0.95 0.0121968
16 100000 0.95 0.0120353
17 100000 0.95 0.0119087
18 100000 0.95 0.0118307
19 100000 0.95 0.0117808
20 100000 0.95 0.0127372
21 100000 0.95 0.0127483
22 100000 0.95 0.0115984
23 100000 0.95 0.011792
24 100000 0.95 0.011707
25 100000 0.95 0.012273
26 100000 0.95 0.0121439
27 100000 0.95 0.012613
28 100000 0.95 0.0118839
29 100000 0.95 0.0118569
30 100000 0.95 0.0125867
31 100000 0.95 0.0117877
32 100000 0.95 0.0120535
33 100000 0.95 0.0121957
34 100000 0.95 0.0115102
35 100000 0.95 0.0121061
36 100000 0.95 0.0132821
37 100000 0.95 0.0122031
38 100000 0.95 0.0124018
39 100000 0.95 0.0121764
40 100000 0.95 0.0121917
41 100000 0.95 0.0123438
42 100000 0.95 0.0116049
43 100000 0.95 0.0126242
44 100000 0.95 0.0119843
45 100000 0.95 0.0120414
46 100000 0.95 0.0128886
47 100000 0.95 0.0120002
48 100000 0.95 0.0126917
49 100000 0.95 0.0125582
50 100000 0.95 0.0120893
51 100000 0.95 0.0119737
52 100000 0.95 0.0124667
53 100000 0.95 0.0122205
54 100000 0.95 0.012175
55 100000 0.95 0.0122015
56 100000 0.95 0.0124568
57 100000 0.95 0.0188499
58 100000 0.95 0.0139415
59 100000 0.95 0.0131341
60 100000 0.95 0.0117445
61 100000 0.95 0.0113668
62 100000 0.95 0.0123394
63 100000 0.95 0.0125064
64 100000 0.95 0.0116371
65 100000 0.95 0.0118967
66 100000 0.95 0.0125716
67 100000 0.95 0.011982
68 100000 0.95 0.0120149
69 100000 0.95 0.0122679
70 100000 0.95 0.0132004
71 100000 0.95 0.0116429
72 100000 0.95 0.0117191
73 100000 0.95 0.0127759
74 100000 0.95 0.0117858
75 100000 0.95 0.0123284
76 100000 0.95 0.0131606
77 100000 0.95 0.0124553
78 100000 0.95 0.0130983
79 100000 0.95 0.0131709
80 100000 0.95 0.0136423
81 100000 0.95 0.0131446
82 100000 0.95 0.0121199
83 100000 0.95 0.0122719
84 100000 0.95 0.0138025
85 100000 0.95 0.0135989
86 100000 0.95 0.0123281
87 100000 0.95 0.0123799
88 100000 0.95 0.0130151
89 100000 0.95 0.0138444
90 100000 0.95 0.0116887
91 100000 0.95 0.0116402
92 100000 0.95 0.0120035
93 100000 0.95 0.0120382
94 100000 0.95 0.0123147
95 100000 0.95 0.0113446
96 100000 0.95 0.0118036
97 100000 0.95 0.0116301
98 100000 0.95 0.0116414
99 100000 0.95 0.0158264
0 100000 0.99 0.01138
1 100000 0.99 0.010912
2 100000 0.99 0.0140752
3 100000 0.99 0.011582
4 100000 0.99 0.0152481
5 100000 0.99 0.0123809
6 100000 0.99 0.0118606
7 100000 0.99 0.0110947
8 100000 0.99 0.011113
9 100000 0.99 0.0111615
10 100000 0.99 0.0112127
11 100000 0.99 0.0108636
12 100000 0.99 0.0101013
13 100000 0.99 0.010667
14 100000 0.99 0.0108611
15 100000 0.99 0.0107779
16 100000 0.99 0.0115186
17 100000 0.99 0.0104584
18 100000 0.99 0.0104336
19 100000 0.99 0.0107976
20 100000 0.99 0.0116301
21 100000 0.99 0.0104329
22 100000 0.99 0.0110551
23 100000 0.99 0.0103625
24 100000 0.99 0.0104347
25 100000 0.99 0.0109047
26 100000 0.99 0.0105668
27 100000 0.99 0.0109084
28 100000 0.99 0.0112775
29 100000 0.99 0.0106655
30 100000 0.99 0.0104508
31 100000 0.99 0.011178
32 100000 0.99 0.0105211
33 100000 0.99 0.0110284
34 100000 0.99 0.010841
35 100000 0.99 0.0103661
36 100000 0.99 0.0116363
37 100000 0.99 0.01026
38 100000 0.99 0.0117301
39 100000 0.99 0.010309
40 100000 0.99 0.0105727
41 100000 0.99 0.0116776
42 100000 0.99 0.0107563
43 100000 0.99 0.0107235
44 100000 0.99 0.0106663
45 100000 0.99 0.011012
46 100000 0.99 0.0106043
47 100000 0.99 0.010821
48 100000 0.99 0.0108191
49 100000 0.99 0.0106261
50 100000 0.99 0.0112559
51 100000 0.99 0.0109372
52 100000 0.99 0.0107382
53 100000 0.99 0.0109387
54 100000 0.99 0.0105601
55 100000 0.99 0.0104183
56 100000 0.99 0.0110251
57 100000 0.99 0.0106707
58 100000 0.99 0.0110186
59 100000 0.99 0.0103207
60 100000 0.99 0.0106557
61 100000 0.99 0.0116829
62 100000 0.99 0.0113085
63 100000 0.99 0.0111277
64 100000 0.99 0.0107021
65 100000 0.99 0.0109343
66 100000 0.99 0.0102315
67 100000 0.99 0.0108781
68 100000 0.99 0.0113746
69 100000 0.99 0.011438
70 100000 0.99 0.0102747
71 100000 0.99 0.0108752
72 100000 0.99 0.0106363
73 100000 0.99 0.0110419
74 100000 0.99 0.0108479
75 100000 0.99 0.0105179
76 100000 0.99 0.0107892
77 100000 0.99 0.0109314
78 100000 0.99 0.0108194
79 100000 0.99 0.0110019
80 100000 0.99 0.0112298
81 100000 0.99 0.0170364
82 100000 0.99 0.0127777
83 100000 0.99 0.0111334
84 100000 0.99 0.0116378
85 100000 0.99 0.0117549
86 100000 0.99 0.0110715
87 100000 0.99 0.0117031
88 100000 0.99 0.0104187
89 100000 0.99 0.0108038
90 100000 0.99 0.0110393
91 100000 0.99 0.0109309
92 100000 0.99 0.0113234
93 100000 0.99 0.0104934
94 100000 0.99 0.0104803
95 100000 0.99 0.0106488
96 100000 0.99 0.0106572
97 100000 0.99 0.0109496
98 100000 0.99 0.0104066
99 100000 0.99 0.0156314
0 100000 0.997 0.0103443
1 100000 0.997 0.0105817
2 100000 0.997 0.0114212
3 100000 0.997 0.011036
4 100000 0.997 0.0112585
5 100000 0.997 0.010442
6 100000 0.997 0.0117227
7 100000 0.997 0.0099706
8 100000 0.997 0.0105051
9 100000 0.997 0.0099899
10 100000 0.997 0.0104343
11 100000 0.997 0.0103749
12 100000 0.997 0.0101788
13 100000 0.997 0.0106919
14 100000 0.997 0.010213
15 100000 0.997 0.0101878
16 100000 0.997 0.0103163
17 100000 0.997 0.0099501
18 100000 0.997 0.011633
19 100000 0.997 0.0103465
20 100000 0.997 0.0103275
21 100000 0.997 0.0102746
22 100000 0.997 0.0102444
23 100000 0.997 0.010313
24 100000 0.997 0.0105762
25 100000 0.997 0.0098775
26 100000 0.997 0.0104274
27 100000 0.997 0.0103834
28 100000 0.997 0.0097649
29 100000 0.997 0.0103363
30 100000 0.997 0.0096893
31 100000 0.997 0.0101463
32 100000 0.997 0.0104132
33 100000 0.997 0.0101532
34 100000 0.997 0.0100069
35 100000 0.997 0.0099184
36 100000 0.997 0.0123384
37 100000 0.997 0.0108552
38 100000 0.997 0.0104807
39 100000 0.997 0.0107753
40 100000 0.997 0.0100518
41 100000 0.997 0.0100037
42 100000 0.997 0.0105281
43 100000 0.997 0.0104759
44 100000 0.997 0.0099092
45 100000 0.997 0.0104942
46 100000 0.997 0.0102014
47 100000 0.997 0.0103414
48 100000 0.997 0.0101062
49 100000 0.997 0.0098601
50 100000 0.997 0.0104362
51 100000 0.997 0.0105437
52 100000 0.997 0.0101353
53 100000 0.997 0.0101014
54 100000 0.997 0.0100139
55 100000 0.997 0.0103158
56 100000 0.997 0.0105234
57 100000 0.997 0.009941
58 100000 0.997 0.0104037
59 100000 0.997 0.0105135
60 100000 0.997 0.0099902
61 100000 0.997 0.010224
62 100000 0.997 0.0107764
63 100000 0.997 0.0097421
64 100000 0.997 0.0109209
65 100000 0.997 0.0099048
66 100000 0.997 0.010539
67 100000 0.997 0.010326
68 100000 0.997 0.0109412
69 100000 0.997 0.0102224
70 100000 0.997 0.0108586
71 100000 0.997 0.0103034
72 100000 0.997 0.0098275
73 100000 0.997 0.0101922
74 100000 0.997 0.0102615
75 100000 0.997 0.0102415
76 100000 0.997 0.0104234
77 100000 0.997 0.010367
78 100000 0.997 0.0099081
79 100000 0.997 0.0102258
80 100000 0.997 0.0106431
81 100000 0.997 0.010077
82 100000 0.997 0.0101908
83 100000 0.997 0.010135
84 100000 0.997 0.0102768
85 100000 0.997 0.0108329
86 100000 0.997 0.0103205
87 100000 0.997 0.0104051
88 100000 0.997 0.0114526
89 100000 0.997 0.0108957
90 100000 0.997 0.0110116
91 100000 0.997 0.0103396
92 100000 0.997 0.0103745
93 100000 0.997 0.0102043
94 100000 0.997 0.0106904
95 100000 0.997 0.0112099
96 100000 0.997 0.0101703
97 100000 0.997 0.0100511
98 100000 0.997 0.0103938
99 100000 0.997 0.0171888
0 500000 -1 0.0534128
1 500000 -1 0.0573298
2 500000 -1 0.054374
3 500000 -1 0.0528301
4 500000 -1 0.0539612
5 500000 -1 0.0523971
6 500000 -1 0.0526755
7 500000 -1 0.0536297
8 500000 -1 0.0538011
9 500000 -1 0.0531324
10 500000 -1 0.0522258
11 500000 -1 0.0538946
12 500000 -1 0.0527498
13 500000 -1 0.0527917
14 500000 -1 0.0567495
15 500000 -1 0.0531461
16 500000 -1 0.0535054
17 500000 -1 0.0526073
18 500000 -1 0.0527115
19 500000 -1 0.052054
20 500000 -1 0.0566901
21 500000 -1 0.0547169
22 500000 -1 0.0532396
23 500000 -1 0.0531061
24 500000 -1 0.0527316
25 500000 -1 0.0547902
26 500000 -1 0.0551535
27 500000 -1 0.0527851
28 500000 -1 0.0526893
29 500000 -1 0.0534135
30 500000 -1 0.0521087
31 500000 -1 0.0636921
32 500000 -1 0.0573294
33 500000 -1 0.0534347
34 500000 -1 0.0533381
35 500000 -1 0.0532188
36 500000 -1 0.0529029
37 500000 -1 0.0544766
38 500000 -1 0.0523928
39 500000 -1 0.0584058
40 500000 -1 0.0546603
41 500000 -1 0.0518687
42 500000 -1 0.0525332
43 500000 -1 0.0519603
44 500000 -1 0.0552069
45 500000 -1 0.0521637
46 500000 -1 0.054063
47 500000 -1 0.0523468
48 500000 -1 0.0523356
49 500000 -1 0.0569552
50 500000 -1 0.0531051
51 500000 -1 0.0546443
52 500000 -1 0.052492
53 500000 -1 0.0535656
54 500000 -1 0.0527706
55 500000 -1 0.0540171
56 500000 -1 0.0547085
57 500000 -1 0.0542286
58 500000 -1 0.0598944
59 500000 -1 0.0542935
60 500000 -1 0.054303
61 500000 -1 0.0527709
62 500000 -1 0.0538997
63 500000 -1 0.0528223
64 500000 -1 0.053023
65 500000 -1 0.0537093
66 500000 -1 0.0660333
67 500000 -1 0.0545935
68 500000 -1 0.0541038
69 500000 -1 0.0531812
70 500000 -1 0.0534795
71 500000 -1 0.0539463
72 500000 -1 0.0532398
73 500000 -1 0.052426
74 500000 -1 0.0551582
75 500000 -1 0.0518096
76 500000 -1 0.0567222
77 500000 -1 0.0570884
78 500000 -1 0.0529365
79 500000 -1 0.0542096
80 500000 -1 0.0523334
81 500000 -1 0.0531503
82 500000 -1 0.052725
83 500000 -1 0.0527512
84 500000 -1 0.0538799
85 500000 -1 0.0560569
86 500000 -1 0.0532791
87 500000 -1 0.0532648
88 500000 -1 0.0552569
89 500000 -1 0.0529628
90 500000 -1 0.0543804
91 500000 -1 0.0539649
92 500000 -1 0.0542515
93 500000 -1 0.0526903
94 500000 -1 0.05435
95 500000 -1 0.0568571
96 500000 -1 0.0560567
97 500000 -1 0.055526
98 500000 -1 0.0547341
99 500000 -1 0.0882102
0 500000 1 0.0883517
1 500000 1 0.0929549
2 500000 1 0.0881937
3 500000 1 0.0880041
4 500000 1 0.0952213
5 500000 1 0.0921749
6 500000 1 0.08928
7 500000 1 0.0900357
8 500000 1 0.0891583
9 500000 1 0.0888728
10 500000 1 0.0891797
11 500000 1 0.0908215
12 500000 1 0.0919361
13 500000 1 0.0903059
14 500000 1 0.0902155
15 500000 1 0.0905455
16 500000 1 0.0923011
17 500000 1 0.0881941
18 500000 1 0.0883877
19 500000 1 0.0904733
20 500000 1 0.0890744
21 500000 1 0.0894062
22 500000 1 0.0869171
23 500000 1 0.0902936
24 500000 1 0.0915818
25 500000 1 0.0957345
26 500000 1 0.0891608
27 500000 1 0.0909365
28 500000 1 0.0881105
29 500000 1 0.0898078
30 500000 1 0.0872263
31 500000 1 0.0883418
32 500000 1 0.0885781
33 500000 1 0.0873576
34 500000 1 0.0879672
35 500000 1 0.0904959
36 500000 1 0.0940891
37 500000 1 0.0906859
38 500000 1 0.0877262
39 500000 1 0.0884651
40 500000 1 0.0886908
41 500000 1 0.0870778
42 500000 1 0.0876734
43 500000 1 0.0901914
44 500000 1 0.0874126
45 500000 1 0.0887396
46 500000 1 0.0883104
47 500000 1 0.0997189
48 500000 1 0.0892966
49 500000 1 0.0888812
50 500000 1 0.0890508
51 500000 1 0.0878965
52 500000 1 0.0880705
53 500000 1 0.0883724
54 500000 1 0.0889559
55 500000 1 0.0888541
56 500000 1 0.0893558
57 500000 1 0.0889412
58 500000 1 0.0897178
59 500000 1 0.0902021
60 500000 1 0.0894136
61 500000 1 0.0880996
62 500000 1 0.087914
63 500000 1 0.0885442
64 500000 1 0.0892652
65 500000 1 0.0875272
66 500000 1 0.0893238
67 500000 1 0.0893811
68 500000 1 0.100703
69 500000 1 0.0908226
70 500000 1 0.0919849
71 500000 1 0.0889985
72 500000 1 0.0926058
73 500000 1 0.0901007
74 500000 1 0.0868966
75 500000 1 0.0860593
76 500000 1 0.0914097
77 500000 1 0.0885085
78 500000 1 0.0875756
79 500000 1 0.0925993
80 500000 1 0.0886639
81 500000 1 0.0881817
82 500000 1 0.0935042
83 500000 1 0.0880815
84 500000 1 0.0860112
85 500000 1 0.0855027
86 500000 1 0.0888888
87 500000 1 0.0888541
88 500000 1 0.0905525
89 500000 1 0.0875899
90 500000 1 0.0961975
91 500000 1 0.0903642
92 500000 1 0.0867391
93 500000 1 0.0909831
94 500000 1 0.0916946
95 500000 1 0.0874833
96 500000 1 0.0877693
97 500000 1 0.0891356
98 500000 1 0.0891649
99 500000 1 0.0871956
0 500000 0.25 0.0820749
1 500000 0.25 0.0901671
2 500000 0.25 0.0866625
3 500000 0.25 0.0881875
4 500000 0.25 0.0876639
5 500000 0.25 0.0872102
6 500000 0.25 0.0861396
7 500000 0.25 0.0877993
8 500000 0.25 0.0864397
9 500000 0.25 0.0873222
10 500000 0.25 0.0876573
11 500000 0.25 0.0871781
12 500000 0.25 0.0882597
13 500000 0.25 0.0879808
14 500000 0.25 0.0868375
15 500000 0.25 0.0874269
16 500000 0.25 0.0939566
17 500000 0.25 0.0858229
18 500000 0.25 0.0851312
19 500000 0.25 0.0853504
20 500000 0.25 0.085125
21 500000 0.25 0.091283
22 500000 0.25 0.0855809
23 500000 0.25 0.0879506
24 500000 0.25 0.0889067
25 500000 0.25 0.0880092
26 500000 0.25 0.0858449
27 500000 0.25 0.0879439
28 500000 0.25 0.0866989
29 500000 0.25 0.0886864
30 500000 0.25 0.0865468
31 500000 0.25 0.0867982
32 500000 0.25 0.0902151
33 500000 0.25 0.0856736
34 500000 0.25 0.0860374
35 500000 0.25 0.088724
36 500000 0.25 0.0893319
37 500000 0.25 0.0911582
38 500000 0.25 0.0920588
39 500000 0.25 0.0845401
40 500000 0.25 0.0876504
41 500000 0.25 0.0862264
42 500000 0.25 0.0869579
43 500000 0.25 0.087673
44 500000 0.25 0.0870618
45 500000 0.25 0.0878488
46 500000 0.25 0.0861654
47 500000 0.25 0.08815
48 500000 0.25 0.0898084
49 500000 0.25 0.0894529
50 500000 0.25 0.0870574
51 500000 0.25 0.0861919
52 500000 0.25 0.0857672
53 500000 0.25 0.0866012
54 500000 0.25 0.0858525
55 500000 0.25 0.0853851
56 500000 0.25 0.0854518
57 500000 0.25 0.0871949
58 500000 0.25 0.0853848
59 500000 0.25 0.087076
60 500000 0.25 0.0993253
61 500000 0.25 0.0908756
62 500000 0.25 0.0872802
63 500000 0.25 0.0847103
64 500000 0.25 0.0864776
65 500000 0.25 0.0862843
66 500000 0.25 0.0864966
67 500000 0.25 0.0881047
68 500000 0.25 0.088011
69 500000 0.25 0.0870199
70 500000 0.25 0.08815
71 500000 0.25 0.0864102
72 500000 0.25 0.0926751
73 500000 0.25 0.0861724
74 500000 0.25 0.0863135
75 500000 0.25 0.0882393
76 500000 0.25 0.0874516
77 500000 0.25 0.0863982
78 500000 0.25 0.0870509
79 500000 0.25 0.0863405
80 500000 0.25 0.0870489
81 500000 0.25 0.0855867
82 500000 0.25 0.0855492
83 500000 0.25 0.0882043
84 500000 0.25 0.0891072
85 500000 0.25 0.0867255
86 500000 0.25 0.0870316
87 500000 0.25 0.0855095
88 500000 0.25 0.0861765
89 500000 0.25 0.0863
90 500000 0.25 0.0895931
91 500000 0.25 0.0856579
92 500000 0.25 0.0888663
93 500000 0.25 0.0870137
94 500000 0.25 0.0888082
95 500000 0.25 0.0887718
96 500000 0.25 0.0916509
97 500000 0.25 0.0880566
98 500000 0.25 0.0859237
99 500000 0.25 0.0886251
0 500000 0.5 0.38374
1 500000 0.5 0.560343
2 500000 0.5 0.0857377
3 500000 0.5 0.132881
4 500000 0.5 1.70244
5 500000 0.5 0.0880701
6 500000 0.5 0.259296
7 500000 0.5 0.589675
8 500000 0.5 0.0854514
9 500000 0.5 0.329808
10 500000 0.5 0.67403
11 500000 0.5 0.24169
12 500000 0.5 0.0845142
13 500000 0.5 0.0940667
14 500000 0.5 0.1241
15 500000 0.5 0.411718
16 500000 0.5 0.0930467
17 500000 0.5 0.0862136
18 500000 0.5 0.0934796
19 500000 0.5 0.102533
20 500000 0.5 0.709716
21 500000 0.5 0.153355
22 500000 0.5 0.260912
23 500000 0.5 0.189053
24 500000 0.5 0.0955488
25 500000 0.5 0.0865589
26 500000 0.5 0.119327
27 500000 0.5 0.119297
28 500000 0.5 0.329618
29 500000 0.5 0.0849957
30 500000 0.5 0.312342
31 500000 0.5 0.162409
32 500000 0.5 0.135303
33 500000 0.5 0.162857
34 500000 0.5 0.347789
35 500000 0.5 0.229272
36 500000 0.5 0.141829
37 500000 0.5 0.185739
38 500000 0.5 0.315391
39 500000 0.5 0.572151
40 500000 0.5 0.121998
41 500000 0.5 0.421957
42 500000 0.5 0.119025
43 500000 0.5 0.0870454
44 500000 0.5 0.137629
45 500000 0.5 0.175265
46 500000 0.5 0.315008
47 500000 0.5 0.8095
48 500000 0.5 0.102808
49 500000 0.5 0.120333
50 500000 0.5 0.84048
51 500000 0.5 0.378718
52 500000 0.5 0.281075
53 500000 0.5 0.439991
54 500000 0.5 0.687673
55 500000 0.5 1.245
56 500000 0.5 0.0921421
57 500000 0.5 0.257161
58 500000 0.5 0.759316
59 500000 0.5 0.619458
60 500000 0.5 0.388414
61 500000 0.5 0.11803
62 500000 0.5 0.207531
63 500000 0.5 0.200924
64 500000 0.5 0.117826
65 500000 0.5 0.304433
66 500000 0.5 0.106287
67 500000 0.5 0.0907697
68 500000 0.5 0.0869145
69 500000 0.5 0.207231
70 500000 0.5 0.0843311
71 500000 0.5 0.0882524
72 500000 0.5 0.0925315
73 500000 0.5 0.167009
74 500000 0.5 1.14156
75 500000 0.5 0.324948
76 500000 0.5 0.418968
77 500000 0.5 0.110148
78 500000 0.5 0.0851403
79 500000 0.5 0.0850255
80 500000 0.5 0.240421
81 500000 0.5 0.0929224
82 500000 0.5 0.096452
83 500000 0.5 0.307343
84 500000 0.5 0.136659
85 500000 0.5 0.162861
86 500000 0.5 0.0857242
87 500000 0.5 0.087732
88 500000 0.5 0.0878269
89 500000 0.5 0.169071
90 500000 0.5 0.0844518
91 500000 0.5 0.717039
92 500000 0.5 0.107146
93 500000 0.5 0.360438
94 500000 0.5 0.148286
95 500000 0.5 0.118634
96 500000 0.5 0.0880753
97 500000 0.5 0.607197
98 500000 0.5 0.968758
99 500000 0.5 0.0882951
0 500000 0.75 0.0778112
1 500000 0.75 0.0868098
2 500000 0.75 0.0729788
3 500000 0.75 0.0770482
4 500000 0.75 0.0731599
5 500000 0.75 0.0733411
6 500000 0.75 0.0727331
7 500000 0.75 0.075563
8 500000 0.75 0.0738673
9 500000 0.75 0.073073
10 500000 0.75 0.0732415
11 500000 0.75 0.0745689
12 500000 0.75 0.0758202
13 500000 0.75 0.0748526
14 500000 0.75 0.0732359
15 500000 0.75 0.0777585
16 500000 0.75 0.0752563
17 500000 0.75 0.0743669
18 500000 0.75 0.0747056
19 500000 0.75 0.0752643
20 500000 0.75 0.0742951
21 500000 0.75 0.0741889
22 500000 0.75 0.0759773
23 500000 0.75 0.0760443
24 500000 0.75 0.0768914
25 500000 0.75 0.0741944
26 500000 0.75 0.0909857
27 500000 0.75 0.075226
28 500000 0.75 0.0782714
29 500000 0.75 0.0747016
30 500000 0.75 0.0734201
31 500000 0.75 0.0756542
32 500000 0.75 0.0742958
33 500000 0.75 0.0735923
34 500000 0.75 0.073081
35 500000 0.75 0.0749079
36 500000 0.75 0.0733519
37 500000 0.75 0.073717
38 500000 0.75 0.074338
39 500000 0.75 0.0801462
40 500000 0.75 0.0738738
41 500000 0.75 0.0731799
42 500000 0.75 0.0797694
43 500000 0.75 0.0722256
44 500000 0.75 0.0739964
45 500000 0.75 0.0732072
46 500000 0.75 0.0739974
47 500000 0.75 0.0716373
48 500000 0.75 0.0722303
49 500000 0.75 0.0712959
50 500000 0.75 0.0704244
51 500000 0.75 0.0709779
52 500000 0.75 0.0811679
53 500000 0.75 0.0745557
54 500000 0.75 0.074333
55 500000 0.75 0.073085
56 500000 0.75 0.0793834
57 500000 0.75 0.073972
58 500000 0.75 0.0746305
59 500000 0.75 0.0729935
60 500000 0.75 0.0727589
61 500000 0.75 0.0728301
62 500000 0.75 0.0739522
63 500000 0.75 0.0727528
64 500000 0.75 0.0732246
65 500000 0.75 0.0751347
66 500000 0.75 0.0729836
67 500000 0.75 0.0734825
68 500000 0.75 0.0747578
69 500000 0.75 0.0718862
70 500000 0.75 0.0790799
71 500000 0.75 0.0722791
72 500000 0.75 0.0747151
73 500000 0.75 0.0736914
74 500000 0.75 0.0732517
75 500000 0.75 0.0760709
76 500000 0.75 0.0721434
77 500000 0.75 0.070921
78 500000 0.75 0.0751663
79 500000 0.75 0.0753157
80 500000 0.75 0.0743348
81 500000 0.75 0.0747756
82 500000 0.75 0.0733534
83 500000 0.75 0.0753599
84 500000 0.75 0.0775549
85 500000 0.75 0.0748694
86 500000 0.75 0.0714935
87 500000 0.75 0.0731893
88 500000 0.75 0.0749992
89 500000 0.75 0.0752821
90 500000 0.75 0.0729732
91 500000 0.75 0.0740634
92 500000 0.75 0.0729811
93 500000 0.75 0.0736889
94 500000 0.75 0.0724753
95 500000 0.75 0.0770968
96 500000 0.75 0.0817857
97 500000 0.75 0.0751917
98 500000 0.75 0.077728
99 500000 0.75 0.0875421
0 500000 0.95 0.068391
1 500000 0.95 0.0736853
2 500000 0.95 0.0687479
3 500000 0.95 0.0739679
4 500000 0.95 0.0688253
5 500000 0.95 0.067689
6 500000 0.95 0.0714021
7 500000 0.95 0.0691684
8 500000 0.95 0.0684078
9 500000 0.95 0.0684059
10 500000 0.95 0.0707992
11 500000 0.95 0.069121
12 500000 0.95 0.0686167
13 500000 0.95 0.0701998
14 500000 0.95 0.0687045
15 500000 0.95 0.0686787
16 500000 0.95 0.0723819
17 500000 0.95 0.0709434
18 500000 0.95 0.0698598
19 500000 0.95 0.068577
20 500000 0.95 0.0698799
21 500000 0.95 0.0690842
22 500000 0.95 0.0671422
23 500000 0.95 0.0680501
24 500000 0.95 0.0689475
25 500000 0.95 0.0689121
26 500000 0.95 0.0679309
27 500000 0.95 0.068701
28 500000 0.95 0.0684828
29 500000 0.95 0.0698744
30 500000 0.95 0.0712156
31 500000 0.95 0.0746804
32 500000 0.95 0.0691845
33 500000 0.95 0.0710034
34 500000 0.95 0.0713846
35 500000 0.95 0.0705137
36 500000 0.95 0.0675435
37 500000 0.95 0.068007
38 500000 0.95 0.0732396
39 500000 0.95 0.0684956
40 500000 0.95 0.0694682
41 500000 0.95 0.0690142
42 500000 0.95 0.0692202
43 500000 0.95 0.0684156
44 500000 0.95 0.0703041
45 500000 0.95 0.0721963
46 500000 0.95 0.0695047
47 500000 0.95 0.0672032
48 500000 0.95 0.0707537
49 500000 0.95 0.06847
50 500000 0.95 0.0694291
51 500000 0.95 0.0669965
52 500000 0.95 0.0676587
53 500000 0.95 0.0696925
54 500000 0.95 0.0705254
55 500000 0.95 0.0682462
56 500000 0.95 0.0674126
57 500000 0.95 0.0678002
58 500000 0.95 0.0817223
59 500000 0.95 0.0687898
60 500000 0.95 0.0725093
61 500000 0.95 0.0680726
62 500000 0.95 0.0706348
63 500000 0.95 0.0694591
64 500000 0.95 0.0671755
65 500000 0.95 0.0688603
66 500000 0.95 0.0693511
67 500000 0.95 0.0682801
68 500000 0.95 0.0694062
69 500000 0.95 0.0696148
70 500000 0.95 0.068105
71 500000 0.95 0.0681758
72 500000 0.95 0.0714455
73 500000 0.95 0.0672383
74 500000 0.95 0.0695251
75 500000 0.95 0.0723877
76 500000 0.95 0.0687564
77 500000 0.95 0.0675602
78 500000 0.95 0.0663389
79 500000 0.95 0.0675592
80 500000 0.95 0.0684957
81 500000 0.95 0.0660181
82 500000 0.95 0.0671125
83 500000 0.95 0.068566
84 500000 0.95 0.0678552
85 500000 0.95 0.0680544
86 500000 0.95 0.0775807
87 500000 0.95 0.0673695
88 500000 0.95 0.0663885
89 500000 0.95 0.0693763
90 500000 0.95 0.0708579
91 500000 0.95 0.0677616
92 500000 0.95 0.0683319
93 500000 0.95 0.0676631
94 500000 0.95 0.068124
95 500000 0.95 0.0663182
96 500000 0.95 0.0683041
97 500000 0.95 0.0680588
98 500000 0.95 0.0683866
99 500000 0.95 0.0917956
0 500000 0.99 0.0606454
1 500000 0.99 0.0650251
2 500000 0.99 0.0609743
3 500000 0.99 0.0615511
4 500000 0.99 0.0612801
5 500000 0.99 0.0616602
6 500000 0.99 0.0637316
7 500000 0.99 0.0617339
8 500000 0.99 0.0625007
9 500000 0.99 0.0603518
10 500000 0.99 0.0613025
11 500000 0.99 0.0728486
12 500000 0.99 0.0613294
13 500000 0.99 0.0618545
14 500000 0.99 0.0616712
15 500000 0.99 0.0618086
16 500000 0.99 0.0612657
17 500000 0.99 0.0681612
18 500000 0.99 0.0637254
19 500000 0.99 0.062293
20 500000 0.99 0.0621417
21 500000 0.99 0.0625015
22 500000 0.99 0.0626189
23 500000 0.99 0.0622812
24 500000 0.99 0.0618688
25 500000 0.99 0.0615943
26 500000 0.99 0.0639762
27 500000 0.99 0.0621718
28 500000 0.99 0.0630911
29 500000 0.99 0.0622739
30 500000 0.99 0.0639785
31 500000 0.99 0.0610362
32 500000 0.99 0.0619895
33 500000 0.99 0.0634711
34 500000 0.99 0.0650691
35 500000 0.99 0.062159
36 500000 0.99 0.0620751
37 500000 0.99 0.0612755
38 500000 0.99 0.0630558
39 500000 0.99 0.061469
40 500000 0.99 0.0613779
41 500000 0.99 0.0745288
42 500000 0.99 0.0624059
43 500000 0.99 0.0619552
44 500000 0.99 0.0619836
45 500000 0.99 0.0619924
46 500000 0.99 0.0625711
47 500000 0.99 0.0617995
48 500000 0.99 0.0616828
49 500000 0.99 0.0613889
50 500000 0.99 0.065371
51 500000 0.99 0.061371
52 500000 0.99 0.0615858
53 500000 0.99 0.0612306
54 500000 0.99 0.06428
55 500000 0.99 0.0607915
56 500000 0.99 0.0649737
57 500000 0.99 0.0613714
58 500000 0.99 0.0613875
59 500000 0.99 0.0611574
60 500000 0.99 0.0615891
61 500000 0.99 0.064029
62 500000 0.99 0.0611817
63 500000 0.99 0.0615548
64 500000 0.99 0.0619578
65 500000 0.99 0.0615176
66 500000 0.99 0.064571
67 500000 0.99 0.0624896
68 500000 0.99 0.0615617
69 500000 0.99 0.0630511
70 500000 0.99 0.0615899
71 500000 0.99 0.0646364
72 500000 0.99 0.074597
73 500000 0.99 0.062267
74 500000 0.99 0.0615213
75 500000 0.99 0.0628526
76 500000 0.99 0.0617469
77 500000 0.99 0.062568
78 500000 0.99 0.0609545
79 500000 0.99 0.064225
80 500000 0.99 0.0623615
81 500000 0.99 0.0630868
82 500000 0.99 0.0649619
83 500000 0.99 0.063904
84 500000 0.99 0.0614108
85 500000 0.99 0.0620793
86 500000 0.99 0.0634278
87 500000 0.99 0.0613389
88 500000 0.99 0.0611701
89 500000 0.99 0.062885
90 500000 0.99 0.0608437
91 500000 0.99 0.0624206
92 500000 0.99 0.0619997
93 500000 0.99 0.0625973
94 500000 0.99 0.0615078
95 500000 0.99 0.0606639
96 500000 0.99 0.0616763
97 500000 0.99 0.0621124
98 500000 0.99 0.0627921
99 500000 0.99 0.0887553
0 500000 0.997 0.0593412
1 500000 0.997 0.0617481
2 500000 0.997 0.0590284
3 500000 0.997 0.0597851
4 500000 0.997 0.0600356
5 500000 0.997 0.0586028
6 500000 0.997 0.059284
7 500000 0.997 0.0591138
8 500000 0.997 0.0587781
9 500000 0.997 0.0598802
10 500000 0.997 0.058606
11 500000 0.997 0.0613917
12 500000 0.997 0.0601194
13 500000 0.997 0.0589442
14 500000 0.997 0.0594938
15 500000 0.997 0.0592866
16 500000 0.997 0.0602464
17 500000 0.997 0.0587931
18 500000 0.997 0.0625962
19 500000 0.997 0.0596487
20 500000 0.997 0.0583683
21 500000 0.997 0.0593927
22 500000 0.997 0.0596136
23 500000 0.997 0.0593818
24 500000 0.997 0.0587234
25 500000 0.997 0.0615063
26 500000 0.997 0.0660508
27 500000 0.997 0.0607838
28 500000 0.997 0.0591236
29 500000 0.997 0.0587286
30 500000 0.997 0.0600752
31 500000 0.997 0.0590185
32 500000 0.997 0.0582768
33 500000 0.997 0.0595875
34 500000 0.997 0.0590885
35 500000 0.997 0.0630204
36 500000 0.997 0.0598153
37 500000 0.997 0.0592494
38 500000 0.997 0.0603791
39 500000 0.997 0.0595498
40 500000 0.997 0.0604959
41 500000 0.997 0.0610446
42 500000 0.997 0.05866
43 500000 0.997 0.0615745
44 500000 0.997 0.0585732
45 500000 0.997 0.0579394
46 500000 0.997 0.0596953
47 500000 0.997 0.0583683
48 500000 0.997 0.0592166
49 500000 0.997 0.0592344
50 500000 0.997 0.0587439
51 500000 0.997 0.0588636
52 500000 0.997 0.0618287
53 500000 0.997 0.06001
54 500000 0.997 0.0593568
55 500000 0.997 0.0595525
56 500000 0.997 0.058997
57 500000 0.997 0.0693651
58 500000 0.997 0.0594732
59 500000 0.997 0.0592541
60 500000 0.997 0.0584609
61 500000 0.997 0.0586306
62 500000 0.997 0.0591939
63 500000 0.997 0.0587822
64 500000 0.997 0.0583829
65 500000 0.997 0.0588844
66 500000 0.997 0.0591958
67 500000 0.997 0.0595072
68 500000 0.997 0.0592657
69 500000 0.997 0.0623268
70 500000 0.997 0.060704
71 500000 0.997 0.0589353
72 500000 0.997 0.0597697
73 500000 0.997 0.0618301
74 500000 0.997 0.0595279
75 500000 0.997 0.06013
76 500000 0.997 0.0593202
77 500000 0.997 0.0589219
78 500000 0.997 0.0590629
79 500000 0.997 0.0597077
80 500000 0.997 0.0601606
81 500000 0.997 0.0595568
82 500000 0.997 0.0591074
83 500000 0.997 0.0601048
84 500000 0.997 0.0598066
85 500000 0.997 0.0590284
86 500000 0.997 0.062682
87 500000 0.997 0.0590652
88 500000 0.997 0.0591929
89 500000 0.997 0.0681498
90 500000 0.997 0.0583071
91 500000 0.997 0.0590944
92 500000 0.997 0.0595659
93 500000 0.997 0.0586538
94 500000 0.997 0.0600119
95 500000 0.997 0.0588231
96 500000 0.997 0.0605347
97 500000 0.997 0.0591932
98 500000 0.997 0.0601733
99 500000 0.997 0.0883604
0 1000000 -1 0.129468
1 1000000 -1 0.132478
2 1000000 -1 0.140925
3 1000000 -1 0.128677
4 1000000 -1 0.128194
5 1000000 -1 0.127953
6 1000000 -1 0.127048
7 1000000 -1 0.129685
8 1000000 -1 0.129005
9 1000000 -1 0.131844
10 1000000 -1 0.129864
11 1000000 -1 0.128387
12 1000000 -1 0.130019
13 1000000 -1 0.127462
14 1000000 -1 0.129323
15 1000000 -1 0.129798
16 1000000 -1 0.128243
17 1000000 -1 0.145191
18 1000000 -1 0.12964
19 1000000 -1 0.129413
20 1000000 -1 0.129098
21 1000000 -1 0.128106
22 1000000 -1 0.132562
23 1000000 -1 0.127923
24 1000000 -1 0.129615
25 1000000 -1 0.131642
26 1000000 -1 0.128804
27 1000000 -1 0.129915
28 1000000 -1 0.130058
29 1000000 -1 0.131882
30 1000000 -1 0.131457
31 1000000 -1 0.130187
32 1000000 -1 0.137404
33 1000000 -1 0.134307
34 1000000 -1 0.129554
35 1000000 -1 0.128695
36 1000000 -1 0.128314
37 1000000 -1 0.130351
38 1000000 -1 0.128477
39 1000000 -1 0.130347
40 1000000 -1 0.1294
41 1000000 -1 0.133017
42 1000000 -1 0.129525
43 1000000 -1 0.128434
44 1000000 -1 0.12951
45 1000000 -1 0.127993
46 1000000 -1 0.127447
47 1000000 -1 0.139347
48 1000000 -1 0.126051
49 1000000 -1 0.130785
50 1000000 -1 0.128513
51 1000000 -1 0.127451
52 1000000 -1 0.12859
53 1000000 -1 0.125405
54 1000000 -1 0.132567
55 1000000 -1 0.12654
56 1000000 -1 0.127456
57 1000000 -1 0.133502
58 1000000 -1 0.126933
59 1000000 -1 0.127084
60 1000000 -1 0.130349
61 1000000 -1 0.130349
62 1000000 -1 0.137832
63 1000000 -1 0.125828
64 1000000 -1 0.126222
65 1000000 -1 0.131566
66 1000000 -1 0.126271
67 1000000 -1 0.128746
68 1000000 -1 0.127078
69 1000000 -1 0.130057
70 1000000 -1 0.128322
71 1000000 -1 0.127298
72 1000000 -1 0.130778
73 1000000 -1 0.130095
74 1000000 -1 0.130426
75 1000000 -1 0.129693
76 1000000 -1 0.128877
77 1000000 -1 0.143774
78 1000000 -1 0.128356
79 1000000 -1 0.127917
80 1000000 -1 0.127939
81 1000000 -1 0.131667
82 1000000 -1 0.131803
83 1000000 -1 0.126899
84 1000000 -1 0.129286
85 1000000 -1 0.12882
86 1000000 -1 0.128295
87 1000000 -1 0.127925
88 1000000 -1 0.128206
89 1000000 -1 0.131915
90 1000000 -1 0.129346
91 1000000 -1 0.129665
92 1000000 -1 0.1378
93 1000000 -1 0.127489
94 1000000 -1 0.129962
95 1000000 -1 0.129012
96 1000000 -1 0.129966
97 1000000 -1 0.131562
98 1000000 -1 0.127473
99 1000000 -1 0.201822
0 1000000 1 0.199178
1 1000000 1 0.207426
2 1000000 1 0.205287
3 1000000 1 0.201675
4 1000000 1 0.206098
5 1000000 1 0.199864
6 1000000 1 0.204692
7 1000000 1 0.218485
8 1000000 1 0.200369
9 1000000 1 0.200509
10 1000000 1 0.200783
11 1000000 1 0.207365
12 1000000 1 0.202538
13 1000000 1 0.200905
14 1000000 1 0.200668
15 1000000 1 0.200438
16 1000000 1 0.2065
17 1000000 1 0.214846
18 1000000 1 0.210089
19 1000000 1 0.201578
20 1000000 1 0.198006
21 1000000 1 0.207457
22 1000000 1 0.198248
23 1000000 1 0.196142
24 1000000 1 0.199029
25 1000000 1 0.200649
26 1000000 1 0.201645
27 1000000 1 0.217214
28 1000000 1 0.199258
29 1000000 1 0.198873
30 1000000 1 0.198765
31 1000000 1 0.198598
32 1000000 1 0.201842
33 1000000 1 0.196692
34 1000000 1 0.198866
35 1000000 1 0.199594
36 1000000 1 0.213436
37 1000000 1 0.208556
38 1000000 1 0.202776
39 1000000 1 0.200147
40 1000000 1 0.198333
41 1000000 1 0.203253
42 1000000 1 0.20643
43 1000000 1 0.201372
44 1000000 1 0.202874
45 1000000 1 0.199911
46 1000000 1 0.207895
47 1000000 1 0.199695
48 1000000 1 0.200533
49 1000000 1 0.199723
50 1000000 1 0.200917
51 1000000 1 0.203108
52 1000000 1 0.19986
53 1000000 1 0.205951
54 1000000 1 0.20227
55 1000000 1 0.203434
56 1000000 1 0.215165
57 1000000 1 0.199604
58 1000000 1 0.203794
59 1000000 1 0.199154
60 1000000 1 0.202513
61 1000000 1 0.202991
62 1000000 1 0.199024
63 1000000 1 0.201855
64 1000000 1 0.199468
65 1000000 1 0.217715
66 1000000 1 0.202084
67 1000000 1 0.201985
68 1000000 1 0.201427
69 1000000 1 0.207829
70 1000000 1 0.208001
71 1000000 1 0.202582
72 1000000 1 0.198297
73 1000000 1 0.200213
74 1000000 1 0.209766
75 1000000 1 0.213177
76 1000000 1 0.203668
77 1000000 1 0.199683
78 1000000 1 0.203339
79 1000000 1 0.205414
80 1000000 1 0.201283
81 1000000 1 0.199762
82 1000000 1 0.203143
83 1000000 1 0.199293
84 1000000 1 0.217045
85 1000000 1 0.200272
86 1000000 1 0.199717
87 1000000 1 0.197307
88 1000000 1 0.193673
89 1000000 1 0.205724
90 1000000 1 0.199405
91 1000000 1 0.197808
92 1000000 1 0.200442
93 1000000 1 0.194826
94 1000000 1 0.214519
95 1000000 1 0.204673
96 1000000 1 0.197736
97 1000000 1 0.201311
98 1000000 1 0.198385
99 1000000 1 0.197175
0 1000000 0.25 0.19162
1 1000000 0.25 0.201815
2 1000000 0.25 0.192986
3 1000000 0.25 0.197924
4 1000000 0.25 0.191059
5 1000000 0.25 0.197182
6 1000000 0.25 0.212064
7 1000000 0.25 0.196551
8 1000000 0.25 0.195684
9 1000000 0.25 0.200894
10 1000000 0.25 0.192309
11 1000000 0.25 0.203362
12 1000000 0.25 0.19336
13 1000000 0.25 0.195054
14 1000000 0.25 0.196623
15 1000000 0.25 0.191063
16 1000000 0.25 0.207345
17 1000000 0.25 0.197114
18 1000000 0.25 0.196957
19 1000000 0.25 0.200018
20 1000000 0.25 0.196066
21 1000000 0.25 0.198419
22 1000000 0.25 0.199839
23 1000000 0.25 0.191848
24 1000000 0.25 0.193624
25 1000000 0.25 0.191133
26 1000000 0.25 0.204421
27 1000000 0.25 0.199895
28 1000000 0.25 0.191492
29 1000000 0.25 0.197214
30 1000000 0.25 0.196127
31 1000000 0.25 0.196722
32 1000000 0.25 0.190182
33 1000000 0.25 0.2008
34 1000000 0.25 0.193955
35 1000000 0.25 0.195596
36 1000000 0.25 0.206793
37 1000000 0.25 0.196981
38 1000000 0.25 0.212731
39 1000000 0.25 0.196907
40 1000000 0.25 0.193515
41 1000000 0.25 0.202418
42 1000000 0.25 0.201375
43 1000000 0.25 0.205715
44 1000000 0.25 0.198762
45 1000000 0.25 0.198405
46 1000000 0.25 0.209735
47 1000000 0.25 0.194503
48 1000000 0.25 0.194445
49 1000000 0.25 0.202434
50 1000000 0.25 0.195175
51 1000000 0.25 0.194802
52 1000000 0.25 0.193238
53 1000000 0.25 0.191935
54 1000000 0.25 0.199265
55 1000000 0.25 0.192154
56 1000000 0.25 0.210443
57 1000000 0.25 0.19575
58 1000000 0.25 0.19522
59 1000000 0.25 0.206902
60 1000000 0.25 0.195948
61 1000000 0.25 0.19497
62 1000000 0.25 0.197073
63 1000000 0.25 0.191677
64 1000000 0.25 0.195535
65 1000000 0.25 0.206774
66 1000000 0.25 0.20743
67 1000000 0.25 0.202231
68 1000000 0.25 0.192424
69 1000000 0.25 0.19373
70 1000000 0.25 0.207567
71 1000000 0.25 0.19179
72 1000000 0.25 0.193077
73 1000000 0.25 0.19322
74 1000000 0.25 0.193438
75 1000000 0.25 0.202655
76 1000000 0.25 0.198906
77 1000000 0.25 0.196675
78 1000000 0.25 0.190213
79 1000000 0.25 0.196492
80 1000000 0.25 0.196784
81 1000000 0.25 0.19561
82 1000000 0.25 0.198094
83 1000000 0.25 0.193821
84 1000000 0.25 0.195181
85 1000000 0.25 0.197462
86 1000000 0.25 0.207404
87 1000000 0.25 0.199745
88 1000000 0.25 0.196107
89 1000000 0.25 0.193598
90 1000000 0.25 0.195378
91 1000000 0.25 0.194276
92 1000000 0.25 0.197027
93 1000000 0.25 0.188479
94 1000000 0.25 0.195427
95 1000000 0.25 0.193402
96 1000000 0.25 0.202867
97 1000000 0.25 0.201163
98 1000000 0.25 0.191574
99 1000000 0.25 0.197405
0 1000000 0.5 2.5276
1 1000000 0.5 0.489011
2 1000000 0.5 0.217186
3 1000000 0.5 0.588909
4 1000000 0.5 2.52581
5 1000000 0.5 0.192965
6 1000000 0.5 0.234801
7 1000000 0.5 1.12975
8 1000000 0.5 0.811997
9 1000000 0.5 0.279489
10 1000000 0.5 0.293411
11 1000000 0.5 0.201715
12 1000000 0.5 0.19927
13 1000000 0.5 0.501388
14 1000000 0.5 0.232387
15 1000000 0.5 0.201704
16 1000000 0.5 0.208355
17 1000000 0.5 0.225448
18 1000000 0.5 0.481839
19 1000000 0.5 1.72155
20 1000000 0.5 0.356945
21 1000000 0.5 0.560017
22 1000000 0.5 0.190903
23 1000000 0.5 1.02071
24 1000000 0.5 0.216214
25 1000000 0.5 0.326009
26 1000000 0.5 0.240715
27 1000000 0.5 0.547224
28 1000000 0.5 0.192484
29 1000000 0.5 0.987018
30 1000000 0.5 0.583383
31 1000000 0.5 2.28126
32 1000000 0.5 1.56269
33 1000000 0.5 0.770741
34 1000000 0.5 2.96829
35 1000000 0.5 0.192745
36 1000000 0.5 0.676837
37 1000000 0.5 0.701518
38 1000000 0.5 2.055
39 1000000 0.5 0.197869
40 1000000 0.5 0.231283
41 1000000 0.5 0.228897
42 1000000 0.5 2.78417
43 1000000 0.5 0.210911
44 1000000 0.5 0.729202
45 1000000 0.5 0.509991
46 1000000 0.5 0.412582
47 1000000 0.5 0.487961
48 1000000 0.5 0.278812
49 1000000 0.5 0.682753
50 1000000 0.5 0.542901
51 1000000 0.5 0.417651
52 1000000 0.5 0.440683
53 1000000 0.5 1.1335
54 1000000 0.5 0.193237
55 1000000 0.5 0.191864
56 1000000 0.5 0.290855
57 1000000 0.5 0.937498
58 1000000 0.5 0.199006
59 1000000 0.5 0.525822
60 1000000 0.5 1.65941
61 1000000 0.5 2.4034
62 1000000 0.5 0.348396
63 1000000 0.5 0.662876
64 1000000 0.5 0.21592
65 1000000 0.5 1.20807
66 1000000 0.5 2.46203
67 1000000 0.5 0.988799
68 1000000 0.5 0.485135
69 1000000 0.5 0.306184
70 1000000 0.5 0.76697
71 1000000 0.5 0.192143
72 1000000 0.5 2.41589
73 1000000 0.5 1.82649
74 1000000 0.5 1.71601
75 1000000 0.5 0.480395
76 1000000 0.5 0.880352
77 1000000 0.5 0.649063
78 1000000 0.5 2.37516
79 1000000 0.5 0.252725
80 1000000 0.5 0.195184
81 1000000 0.5 0.444777
82 1000000 0.5 1.34918
83 1000000 0.5 3.03041
84 1000000 0.5 2.83085
85 1000000 0.5 1.8887
86 1000000 0.5 0.219396
87 1000000 0.5 4.27357
88 1000000 0.5 0.342394
89 1000000 0.5 3.07435
90 1000000 0.5 0.967491
91 1000000 0.5 0.206116
92 1000000 0.5 1.83792
93 1000000 0.5 0.219339
94 1000000 0.5 1.47321
95 1000000 0.5 1.31318
96 1000000 0.5 0.316066
97 1000000 0.5 0.702604
98 1000000 0.5 0.201749
99 1000000 0.5 0.212012
0 1000000 0.75 0.175428
1 1000000 0.75 0.181756
2 1000000 0.75 0.17415
3 1000000 0.75 0.179977
4 1000000 0.75 0.167749
5 1000000 0.75 0.169602
6 1000000 0.75 0.168787
7 1000000 0.75 0.175234
8 1000000 0.75 0.170782
9 1000000 0.75 0.173913
10 1000000 0.75 0.173621
11 1000000 0.75 0.165978
12 1000000 0.75 0.16905
13 1000000 0.75 0.177798
14 1000000 0.75 0.171886
15 1000000 0.75 0.169772
16 1000000 0.75 0.178219
17 1000000 0.75 0.169607
18 1000000 0.75 0.170723
19 1000000 0.75 0.178149
20 1000000 0.75 0.170207
21 1000000 0.75 0.167435
22 1000000 0.75 0.165836
23 1000000 0.75 0.16545
24 1000000 0.75 0.172892
25 1000000 0.75 0.175454
26 1000000 0.75 0.177214
27 1000000 0.75 0.168157
28 1000000 0.75 0.168866
29 1000000 0.75 0.168122
30 1000000 0.75 0.16873
31 1000000 0.75 0.173223
32 1000000 0.75 0.17005
33 1000000 0.75 0.171787
34 1000000 0.75 0.173315
35 1000000 0.75 0.168028
36 1000000 0.75 0.172996
37 1000000 0.75 0.172907
38 1000000 0.75 0.175192
39 1000000 0.75 0.170465
40 1000000 0.75 0.164032
41 1000000 0.75 0.173825
42 1000000 0.75 0.172931
43 1000000 0.75 0.171807
44 1000000 0.75 0.171599
45 1000000 0.75 0.170694
46 1000000 0.75 0.170472
47 1000000 0.75 0.175528
48 1000000 0.75 0.169206
49 1000000 0.75 0.175689
50 1000000 0.75 0.17571
51 1000000 0.75 0.170257
52 1000000 0.75 0.165967
53 1000000 0.75 0.170481
54 1000000 0.75 0.172219
55 1000000 0.75 0.165971
56 1000000 0.75 0.173242
57 1000000 0.75 0.17082
58 1000000 0.75 0.172558
59 1000000 0.75 0.169824
60 1000000 0.75 0.180503
61 1000000 0.75 0.167082
62 1000000 0.75 0.175991
63 1000000 0.75 0.165703
64 1000000 0.75 0.170399
65 1000000 0.75 0.173815
66 1000000 0.75 0.170034
67 1000000 0.75 0.172385
68 1000000 0.75 0.177144
69 1000000 0.75 0.166674
70 1000000 0.75 0.173934
71 1000000 0.75 0.173763
72 1000000 0.75 0.171982
73 1000000 0.75 0.169368
74 1000000 0.75 0.171154
75 1000000 0.75 0.171726
76 1000000 0.75 0.169752
77 1000000 0.75 0.178985
78 1000000 0.75 0.173412
79 1000000 0.75 0.170399
80 1000000 0.75 0.171221
81 1000000 0.75 0.171559
82 1000000 0.75 0.173786
83 1000000 0.75 0.174934
84 1000000 0.75 0.169493
85 1000000 0.75 0.167421
86 1000000 0.75 0.172533
87 1000000 0.75 0.171164
88 1000000 0.75 0.173631
89 1000000 0.75 0.167161
90 1000000 0.75 0.171497
91 1000000 0.75 0.166154
92 1000000 0.75 0.168705
93 1000000 0.75 0.179318
94 1000000 0.75 0.187865
95 1000000 0.75 0.166426
96 1000000 0.75 0.169934
97 1000000 0.75 0.168827
98 1000000 0.75 0.174277
99 1000000 0.75 0.2018
0 1000000 0.95 0.160152
1 1000000 0.95 0.164249
2 1000000 0.95 0.159209
3 1000000 0.95 0.159303
4 1000000 0.95 0.159166
5 1000000 0.95 0.162466
6 1000000 0.95 0.159644
7 1000000 0.95 0.174504
8 1000000 0.95 0.160251
9 1000000 0.95 0.157904
10 1000000 0.95 0.157486
11 1000000 0.95 0.160127
12 1000000 0.95 0.161173
13 1000000 0.95 0.160067
14 1000000 0.95 0.162827
15 1000000 0.95 0.157719
16 1000000 0.95 0.15792
17 1000000 0.95 0.158841
18 1000000 0.95 0.162332
19 1000000 0.95 0.172862
20 1000000 0.95 0.166702
21 1000000 0.95 0.159536
22 1000000 0.95 0.159992
23 1000000 0.95 0.157495
24 1000000 0.95 0.160401
25 1000000 0.95 0.157229
26 1000000 0.95 0.157524
27 1000000 0.95 0.163353
28 1000000 0.95 0.159152
29 1000000 0.95 0.159598
30 1000000 0.95 0.160524
31 1000000 0.95 0.163429
32 1000000 0.95 0.157791
33 1000000 0.95 0.16466
34 1000000 0.95 0.160655
35 1000000 0.95 0.157598
36 1000000 0.95 0.160939
37 1000000 0.95 0.159423
38 1000000 0.95 0.160942
39 1000000 0.95 0.161518
40 1000000 0.95 0.163344
41 1000000 0.95 0.163029
42 1000000 0.95 0.161823
43 1000000 0.95 0.167927
44 1000000 0.95 0.157514
45 1000000 0.95 0.158539
46 1000000 0.95 0.161402
47 1000000 0.95 0.161896
48 1000000 0.95 0.15877
49 1000000 0.95 0.157867
50 1000000 0.95 0.162109
51 1000000 0.95 0.159105
52 1000000 0.95 0.15932
53 1000000 0.95 0.161775
54 1000000 0.95 0.162529
55 1000000 0.95 0.160655
56 1000000 0.95 0.15977
57 1000000 0.95 0.160745
58 1000000 0.95 0.159637
59 1000000 0.95 0.161623
60 1000000 0.95 0.158824
61 1000000 0.95 0.156515
62 1000000 0.95 0.155517
63 1000000 0.95 0.158045
64 1000000 0.95 0.155711
65 1000000 0.95 0.153679
66 1000000 0.95 0.162082
67 1000000 0.95 0.164451
68 1000000 0.95 0.159397
69 1000000 0.95 0.157973
70 1000000 0.95 0.160326
71 1000000 0.95 0.159441
72 1000000 0.95 0.161326
73 1000000 0.95 0.158004
74 1000000 0.95 0.156209
75 1000000 0.95 0.157811
76 1000000 0.95 0.160405
77 1000000 0.95 0.156301
78 1000000 0.95 0.158176
79 1000000 0.95 0.173897
80 1000000 0.95 0.155345
81 1000000 0.95 0.156187
82 1000000 0.95 0.156813
83 1000000 0.95 0.157835
84 1000000 0.95 0.160306
85 1000000 0.95 0.16456
86 1000000 0.95 0.16204
87 1000000 0.95 0.159883
88 1000000 0.95 0.159919
89 1000000 0.95 0.155281
90 1000000 0.95 0.160669
91 1000000 0.95 0.156874
92 1000000 0.95 0.173987
93 1000000 0.95 0.155937
94 1000000 0.95 0.155985
95 1000000 0.95 0.157153
96 1000000 0.95 0.158212
97 1000000 0.95 0.157882
98 1000000 0.95 0.157226
99 1000000 0.95 0.199191
0 1000000 0.99 0.14446
1 1000000 0.99 0.150325
2 1000000 0.99 0.145584
3 1000000 0.99 0.144353
4 1000000 0.99 0.148635
5 1000000 0.99 0.144209
6 1000000 0.99 0.147661
7 1000000 0.99 0.142027
8 1000000 0.99 0.150765
9 1000000 0.99 0.144281
10 1000000 0.99 0.147627
11 1000000 0.99 0.157329
12 1000000 0.99 0.144131
13 1000000 0.99 0.146767
14 1000000 0.99 0.143172
15 1000000 0.99 0.148306
16 1000000 0.99 0.142691
17 1000000 0.99 0.147754
18 1000000 0.99 0.143311
19 1000000 0.99 0.14381
20 1000000 0.99 0.142636
21 1000000 0.99 0.142745
22 1000000 0.99 0.150725
23 1000000 0.99 0.144631
24 1000000 0.99 0.149254
25 1000000 0.99 0.154207
26 1000000 0.99 0.145976
27 1000000 0.99 0.144223
28 1000000 0.99 0.145113
29 1000000 0.99 0.148084
30 1000000 0.99 0.148436
31 1000000 0.99 0.145537
32 1000000 0.99 0.144219
33 1000000 0.99 0.146458
34 1000000 0.99 0.142802
35 1000000 0.99 0.143226
36 1000000 0.99 0.144148
37 1000000 0.99 0.151577
38 1000000 0.99 0.15847
39 1000000 0.99 0.144293
40 1000000 0.99 0.144402
41 1000000 0.99 0.142773
42 1000000 0.99 0.145883
43 1000000 0.99 0.147544
44 1000000 0.99 0.152718
45 1000000 0.99 0.150255
46 1000000 0.99 0.146051
47 1000000 0.99 0.14478
48 1000000 0.99 0.145434
49 1000000 0.99 0.145121
50 1000000 0.99 0.148283
51 1000000 0.99 0.154028
52 1000000 0.99 0.144651
53 1000000 0.99 0.143123
54 1000000 0.99 0.143445
55 1000000 0.99 0.145572
56 1000000 0.99 0.145033
57 1000000 0.99 0.146687
58 1000000 0.99 0.151524
59 1000000 0.99 0.144768
60 1000000 0.99 0.146383
61 1000000 0.99 0.143275
62 1000000 0.99 0.14703
63 1000000 0.99 0.151754
64 1000000 0.99 0.158793
65 1000000 0.99 0.150207
66 1000000 0.99 0.145433
67 1000000 0.99 0.143971
68 1000000 0.99 0.14422
69 1000000 0.99 0.142778
70 1000000 0.99 0.147599
71 1000000 0.99 0.144887
72 1000000 0.99 0.150377
73 1000000 0.99 0.145092
74 1000000 0.99 0.145113
75 1000000 0.99 0.146264
76 1000000 0.99 0.145425
77 1000000 0.99 0.146652
78 1000000 0.99 0.149843
79 1000000 0.99 0.148124
80 1000000 0.99 0.144989
81 1000000 0.99 0.14553
82 1000000 0.99 0.147053
83 1000000 0.99 0.147055
84 1000000 0.99 0.147
85 1000000 0.99 0.146518
86 1000000 0.99 0.151093
87 1000000 0.99 0.144532
88 1000000 0.99 0.147333
89 1000000 0.99 0.14606
90 1000000 0.99 0.146874
91 1000000 0.99 0.164183
92 1000000 0.99 0.146853
93 1000000 0.99 0.152611
94 1000000 0.99 0.147926
95 1000000 0.99 0.146282
96 1000000 0.99 0.150246
97 1000000 0.99 0.14722
98 1000000 0.99 0.148324
99 1000000 0.99 0.207087
0 1000000 0.997 0.140607
1 1000000 0.997 0.145652
2 1000000 0.997 0.143728
3 1000000 0.997 0.139972
4 1000000 0.997 0.139284
5 1000000 0.997 0.140408
6 1000000 0.997 0.137976
7 1000000 0.997 0.141635
8 1000000 0.997 0.143776
9 1000000 0.997 0.142892
10 1000000 0.997 0.149225
11 1000000 0.997 0.139498
12 1000000 0.997 0.138628
13 1000000 0.997 0.136312
14 1000000 0.997 0.142249
15 1000000 0.997 0.140557
16 1000000 0.997 0.143333
17 1000000 0.997 0.137776
18 1000000 0.997 0.13908
19 1000000 0.997 0.139933
20 1000000 0.997 0.142919
21 1000000 0.997 0.143525
22 1000000 0.997 0.13997
23 1000000 0.997 0.14831
24 1000000 0.997 0.149725
25 1000000 0.997 0.14169
26 1000000 0.997 0.137628
27 1000000 0.997 0.140637
28 1000000 0.997 0.14067
29 1000000 0.997 0.141452
30 1000000 0.997 0.145301
31 1000000 0.997 0.140375
32 1000000 0.997 0.139495
33 1000000 0.997 0.13816
34 1000000 0.997 0.141588
35 1000000 0.997 0.144918
36 1000000 0.997 0.142936
37 1000000 0.997 0.151627
38 1000000 0.997 0.147013
39 1000000 0.997 0.14078
40 1000000 0.997 0.141149
41 1000000 0.997 0.140871
42 1000000 0.997 0.138589
43 1000000 0.997 0.143076
44 1000000 0.997 0.13874
45 1000000 0.997 0.152398
46 1000000 0.997 0.14146
47 1000000 0.997 0.139644
48 1000000 0.997 0.141902
49 1000000 0.997 0.139256
50 1000000 0.997 0.142616
51 1000000 0.997 0.1468
52 1000000 0.997 0.146126
53 1000000 0.997 0.139442
54 1000000 0.997 0.139543
55 1000000 0.997 0.141028
56 1000000 0.997 0.138499
57 1000000 0.997 0.145425
58 1000000 0.997 0.139643
59 1000000 0.997 0.139872
60 1000000 0.997 0.142939
61 1000000 0.997 0.141371
62 1000000 0.997 0.142766
63 1000000 0.997 0.139011
64 1000000 0.997 0.140763
65 1000000 0.997 0.147316
66 1000000 0.997 0.139544
67 1000000 0.997 0.145288
68 1000000 0.997 0.140013
69 1000000 0.997 0.139927
70 1000000 0.997 0.139778
71 1000000 0.997 0.140818
72 1000000 0.997 0.140808
73 1000000 0.997 0.14059
74 1000000 0.997 0.143517
75 1000000 0.997 0.13997
76 1000000 0.997 0.144639
77 1000000 0.997 0.144226
78 1000000 0.997 0.148463
79 1000000 0.997 0.137786
80 1000000 0.997 0.13923
81 1000000 0.997 0.140827
82 1000000 0.997 0.144279
83 1000000 0.997 0.143411
84 1000000 0.997 0.142732
85 1000000 0.997 0.137132
86 1000000 0.997 0.140574
87 1000000 0.997 0.138906
88 1000000 0.997 0.136345
89 1000000 0.997 0.145666
90 1000000 0.997 0.140448
91 1000000 0.997 0.142087
92 1000000 0.997 0.149073
93 1000000 0.997 0.141498
94 1000000 0.997 0.140602
95 1000000 0.997 0.13939
96 1000000 0.997 0.141013
97 1000000 0.997 0.143061
98 1000000 0.997 0.141207
99 1000000 0.997 0.145666
